
##Dados treinados e validados (dados brutos) com factor 10000_2, (2563) otimizado por MAE v. 2.8.1.2 Maycon G Silva
##Melhor cenário: Run 2, Win GED e W Normal | Fitness = -0.23753732723132 | Época = 117
#tourSelection, spCrossover, raMutation, keepBest=T, pmutation=0.1, elitism = 1, optim=F
a             = 0.870902030197374
sr            =	0.406802420062409	
initLen       =	9
tam_reservoir =	27
reg           =	2.2289743444227e-05
#Win = Distribuição GED mean=14.573152, sd=8.032086, nu=7.686645
Win           = matrix(nrow = tam_reservoir, ncol = 2, c( 9.77227059626767, 21.9406967182875, 7.56098533994042, 16.3427300152356, 20.5227110728847, 16.7502082492526, 25.3271232653089, 20.8815145270364, 27.3411246269884, -3.12756182997085,
                                            22.3881181164667, 10.8018698732015, 8.47396701430825, 6.2030008252043, 14.4037951773676, 19.9210735696691, -0.721022433098833, 20.7171838453202, 12.3480840628286, 4.68081118580138,
                                            25.6696599730835, 22.4333858836393, 19.5231982340921, 10.3402217853663, 20.288808571131, 15.3022949236274, 22.5870113330856, 21.0608352530002, -0.608163163607692, 4.87984703659724,
                                            25.6157756006469, 20.524944436405, 13.1767258231873, 18.0568801406273, 14.1624523561748, 25.2928179349979, 2.09587370676452, 25.0578452770533, 27.7599742514216, 16.4529483605758,
                                            15.5440579294674, 13.7353968506056, 16.749572323559, 17.9452141402836, 25.8668954545981, -0.95742681487415, 20.9284525176176, 8.11888901413491, 28.4362512908884, 20.2032578713083,
                                            1.39732762135297, -1.31661481111454, 6.72050438063485, 4.16973383732967,
                                                          21.0608352530002, -0.608163163607692, 4.87984703659724, 25.6157756006469, 20.524944436405, 13.1767258231873, 18.0568801406273, 14.1624523561748, 25.2928179349979, 2.09587370676452,
                                            25.0578452770533, 27.7599742514216, 16.4529483605758, 15.5440579294674, 13.7353968506056, 16.749572323559, 17.9452141402836, 25.8668954545981, -0.95742681487415, 20.9284525176176,
                                            8.11888901413491, 28.4362512908884, 20.2032578713083, 1.39732762135297, -1.31661481111454, 6.72050438063485, 4.16973383732967))

#W   = Distribuição Normal mean=0, sd=1
W             = matrix(nrow = tam_reservoir, ncol = tam_reservoir, c(0.00649677002418287, -0.1804687449615, 0.13029213656126, -0.0249546938758122, -0.088919243164589, -0.00912526603208562, -0.0145477153968082, -0.0271306429885993, 0.00785590215703405, -0.120231210902538,
                                            -0.0293520461685207, 0.0549558985169559, -0.0370434941463995, -0.0327898806748673, -0.0344929426227664, 0.0098344706640336, -0.057110689988504, -0.0430151732811373, -0.114298520249219, 0.0283278019193946,
                                            0.00937290673902106, -0.066314257418032, -0.0295214810676086, 0.00477216463966632, -0.0998971829985844, 0.0391298297849389, -0.154042398176542, -0.0552942421979389, 0.133983307323679, -0.052813449952949,
                                            0.0527237197070902, -0.121814337222237, -0.119948441320097, -0.0557533485641943, -0.0357482066182091, 0.0995663732841071, -0.0435267257399423, -0.00889940106213879, -0.100770494453928, 0.000414439247696767,
                                            0.106899812726477, -0.2043565038345, -0.133956800870946, -0.0408136666673768, -0.00251620109145427, -0.0850335145755951, -0.0139687419703335, 0.0398766458389699, -0.0387921589715639, 0.0178935674666168,
                                            0.0653218472533204, 0.0113902849810536, 0.0276043930013418, -0.0383993347627401, 0.21046860010997, 0.0469954174527151, 0.0379758237427616, -0.0548472133226663, 0.0354685136980992, -0.060849133353659,
                                            0.0230933222895814, -0.0419158553853269, -0.0303422690258588, -0.0229650322450593, -0.0342064733978539, -0.0102386261987612, 0.0638964781754585, 0.0218810720568388, -0.0979962873909141, -0.128341980934885,
                                            0.0361647378995106, 0.104961657683703, -0.0139247440635182, 0.0278304569928122, 0.0829109268919442, 0.0173362977597789, -0.0441875982972493, 0.0360677335194457, 0.0177057791435535, 0.0424896018189143,
                                            0.0100430117505705, -0.0104348449358025, 0.012351545075882, -0.0210537716474248, -0.0482978245761547, 0.11834956718186, 0.0636280203059285, -0.0603564358149785, -0.0879744372031433, 0.0242922981098828,
                                            -0.0616197695444574, -0.0775843240920867, 0.0604316295638919, -0.00237086651710792, -0.0987873403900846, -0.0459370316600475, 0.0985485873902004, -0.0330828897825979, -0.0833275928508972, -0.0561479784167359,
                                            -0.018769724967996, 0.0779676541280183, -0.0597536152283654, -0.0427410432490135, -0.0457545213793554, 0.104528630983558, -0.0333705567241367, 0.120546669475532, 0.0493744843838015, -0.10921921014904,
                                            0.0182162627171288, -0.0486813127840882, 0.00465622919458513, -0.0226964365148644, 0.0743362389528261, 0.00333878661150918, 0.0772876137077432, 0.0127564258275132, -0.0773142616896845, -0.014529490814081,
                                            0.0810172666563664, -0.0279270746685733, -0.0714999838238234, 0.0286843941197272, -0.0868389744032628, 0.0459802537304019, -0.0352871789343823, -0.0963683182770303, 0.0987293869361064, -0.0651906488572541,
                                            0.118450977715624, 0.0682800215499246, 0.0121559572791327, -0.201823975241134, 0.150647772945221, 0.0312567863002902, -0.0413506721741998, -0.127495699917696, -0.0316357288481837, 0.0954398099110026,
                                            -0.0295405453622504, 0.0757684652239007, 0.0103837806679606, -0.024786611568613, 0.0377506355643921, -0.077666627421775, 0.0125461158915431, -0.0309525996844947, 0.0334341878213006, 0.0607203160421205,
                                            -0.275340074222334, 0.0885381090424522, 0.014007039611823, 0.015352571958705, 0.0159758355408893, 0.0222742568919598, -0.0366209332013154, -0.0511546288901363, -0.014298100262006, -0.0975985664121295,
                                            0.134719631646142, 0.0496566972106389, -0.0152217337426957, -0.109098660289689, -0.0969236421240155, -0.167818169053939, 0.0975194564311709, -0.0196896673827684, -0.0497345810594104, -0.0954379286273802,
                                            0.0275084287098225, 0.00741839599181645, 0.0334790664856324, 0.00196727166437336, 0.0130380880875637, 0.0160237134753806, -0.00224485082298003, 0.0575791877720606, 0.0386933897025559, 0.00324710567878347,
                                            -0.0798823927707766, -0.0077297659676561, -0.0146323310672458, 0.0507085358511227, 0.0379890674725354, -0.00305960469680137, 0.118122010966795, 0.0810383832877284, -0.161154543663462, 0.0483047367108692,
                                            0.0397856486208481, 0.0123234082854915, 0.165781608524915, -0.0207264924823998, -0.047970881620841, 0.11624403717494, 0.127824056685006, -0.0737037480036909, 0.0331103545412838, -0.00238737572514781,
                                            0.0685603159859593, -0.209102988093314, 0.060062376278696, 0.103742507560124, -0.0475780766481617, -0.0623234760563418, 0.00278263134233226, -0.100567546978671, -0.0423166746509199, -0.108088580274689,
                                            -0.0342767425198625, 0.0163455075064429, 0.0493661924698165, -0.0167399113952885, 0.0252953346939208, 0.0297807953522645, 0.058612377858105, 0.0184096841927141, -0.0383276881721812, 0.0112225543115829,
                                            -0.0765585900120014, 0.0191939740822163, -0.025387233038307, 0.0753633658382, 0.000757451513722503, -0.0785287723996362, 0.0618227466520345, -0.119647623223016, 0.116105340137256, 0.0198410841701465,
                                            0.0364632414486194, -0.110192158078284, -0.134051325071844, 0.00728484928013507, -0.0401015083920738, -0.104339482046607, -0.178024283047085, -0.0111380365036982, -0.122034161278339, -0.133012717889329,
                                            0.0115261628878607, -0.00419205340535844, -0.140996634735417, 0.0999049252849892, 0.127349901780978, -0.00879804510925007, -0.107611325866154, 0.0331630502984292, 0.0277970955412834, 0.0210512854984181,
                                            -0.0151189152961597, -0.152248699098513, -0.0157071603431462, 0.0902750372556136, 0.144488412872834, 0.0791293411419258, 0.0988401359903456, -0.0165194488098891, -0.0136542109406029, 0.00961804849913907,
                                            -0.117313455598107, -0.0354934357005373, -0.111253917606858, 0.0779333487537598, -0.000243663802472363, 0.0175955816001971, 0.0314308618618561, 0.00607553917466147, 0.144553690110425, -0.0869230730206106,
                                            -0.00788832242181708, 0.0539566213776361, -0.114995536995186, -0.0221970975861726, 0.122508201633274, -0.0404876553143936, -0.0172423229003443, -0.0787913562647714, 0.180808871018993, 0.0257045824416897,
                                            0.0340002866634287, -0.138446532613628, -0.0479560244095309, 0.104514590957456, 0.0958858710131246, 0.12383182292025, 0.0356504943970801, 0.0200458067859354, 0.0349129512812669, 0.0328090345097946,
                                            0.00544947633614771, -0.0914991135406413, 0.189905344806179, 0.0355873840230689, -0.101467525689852, 0.0267801641350033, 0.0291835851887329, -0.106640597639022, 0.128616397689307, -0.0512029150569122,
                                            0.0789792734982215, 0.0425468346130597, 0.11500831802915, 0.0460728940089157, 0.0339082809928764, -0.0587464899660546, 0.0538918816503574, 0.0879205371302742, -0.0100264433736865, -0.10473067065029,
                                            0.00754173662658404, 0.0093542165108691, 0.083751883787082, -0.0792261377201835, -0.0470918099346891, 0.00215568638077728, 0.0161240370433064, -0.0552524993096148, -0.0977734393028124, 0.0333240805163396,
                                            0.0382492159318311, -0.0930153330646781, 0.00969352033966323, 0.00322758030922863, -0.0971401927577225, -0.0958429493874286, -0.0712966282588307, 0.0936208285499858, 0.0348884801560005, 0.0375136811805421,
                                            -0.117971216002018, 0.0350813489163353, -0.0168902100891914, 0.0605518606762266, -0.0171682801849585, -0.0937319394497323, 0.169392599088671, -0.11654867334573, -0.00855951564913935, 0.038961289971521,
                                            -0.0192758563069285, -0.017045776698534, -0.0260488006587774, 0.0241028589685648, 0.0244851402802422, -0.0103404660370738, 0.0246319610844625, 0.0828237711309868, 0.147868722440781, -0.125855999926797,
                                            -0.0512150258865892, -0.191364824424667, -0.0293281594212194, -0.0680078958673702, -0.0381526362179407, -0.1539826508028, 0.136534790256471, -0.132283642887241, -0.0884185465164338, -0.0947118119628284,
                                            0.0030667595348948, 0.00244389222475496, 0.06327530551138, 0.124646575500413, 0.0666131557697975, -0.0817532423282184, -0.0108176308542511, 0.0147433965054618, -0.0960617988872713, -0.0455526847608792,
                                            0.0292769276134281, 0.102102261771472, 0.0215473486018567, 0.118206795461382, 0.0222501623628266, -0.0111429823328046, -0.0617696374130812, 0.0714894291510638, 0.0228765820427204, 0.128431960787652,
                                            -0.0240426175079093, -0.0461068060257818, -0.00977020196167781, -0.157443969522153, -0.0104032772215933, -0.0282152922243122, 0.0383794927693306, -0.0966202888096745, -0.0230590546209219, 0.0138286284471164,
                                            0.0402713403946849, -0.0512911998588793, -0.0621472577911308, -0.0336452994327786, 0.141701208534122, -0.0307694115283134, -0.0569614779671414, -0.0511757475556014, 0.00888154558112055, 0.113183292821648,
                                            -0.07115427381049, -0.0956641150682445, -0.108076285047181, 0.0417952108911368, -0.0146940832188217, 0.119287823097321, -0.0433332183944973, 0.0673319093032214, -0.133768820124405, 0.00477878802603075,
                                            -0.120352929770359, 0.0733488941424963, 0.0197519672509294, 0.0513416133612556, 0.142968656390805, 0.0654829353905298, 0.122987075579007, -0.00607877271036663, -0.0987361373090425, 0.0367844841615329,
                                            0.0356186673980742, -0.0153232488262429, -0.0563929581130064, -0.0635265668758933, -0.132947844242312, -0.0167064923176201, 0.152576681063963, 0.00747137389254519, -0.0678635264716353, -0.00477064488159219,
                                            0.0185899907184779, 0.0664764780624376, -0.0664019048497852, 0.0481621097901748, -0.142934458328699, 0.0300135161138736, 0.0758105885824532, -0.0685289099084173, -0.12762000284065, -0.0262340622093389,
                                            0.0571254864456427, 0.0263337116726319, -0.124120755770133, 0.0999320983078887, 0.0320313009808424, -0.0224724971611372, 0.0396155012934773, -0.00056958892568607, 0.112051171984885, -0.0403296700543001,
                                            -0.0885896625271748, 0.108817507660025, 0.0201233704331236, -0.124471443698643, 0.0280477387667499, 0.114269970857138, 0.0232980319913055, 0.00353350523363432, -0.103631498500964, 0.0265257510686607,
                                            -0.0412399742148377, 0.0388396500494578, 0.0310248786975821, -0.0867409706531056, 0.00942017793246506, 0.16879907557678, 0.00158745134453937, 0.0387901327909876, 0.0310576058591107, 0.0219725377160555,
                                            -0.0210018500281999, 0.0544478336223494, -0.0368457196718403, 0.0781459505031751, -0.0510240426922707, 0.00706030594009615, -0.127843154368025, -0.062357123793578, -0.0245006613978324, 0.0426158518311394,
                                            -0.0240702446696892, -0.18986216392873, 0.047098022402282, -0.0808524502865591, -0.0675288304716439, 0.0638300270967777, -0.0450540457006174, -0.0096707680602705, -0.0163229996100999, 0.021796624109593,
                                            0.197516568994316, 0.0760743061366898, 0.0437121635154669, 0.112063736415225, 0.0668339720849398, 0.0411821420859166, 0.0337101128246086, 0.0263889748604922, -0.00367360443934723, 0.0902994232250129,
                                            0.205118105261075, -0.150245485758334, -0.131834652846909, 0.0830777831091903, -0.0928959212230705, -0.0410312252484448, 0.0538274727300621, -0.0729048969957938, -0.13553030239346, -0.0399272117210245,
                                            0.0831134259026175, 0.125281649118371, -0.0338310940550639, 0.134171644640167, 0.00963487228532742, 0.0138792068922278, -0.111725268411354, 0.0282371315179715, 0.00376847709424406, -0.117651965204967,
                                            -0.0812517222060211, -0.0144722750429199, -0.0862088196650807, 0.141350627765629, -0.0798858509643199, -0.0649729897723361, 0.0741148957535611, -0.103505594767649, 0.0631009510448419, 0.0334695908819641,
                                            -0.0606962691308032, 0.0240355167207218, 0.00331041717894562, 0.0758044486223948, 0.0240827078598524, -0.0125652908000001, -0.0292621765496626, -0.125591189406481, 0.0183002461284034, -0.0832559862264032,
                                            -0.0443021120712331, 0.0201401760798996, -0.0550028441953717, 0.0341580188821151, -0.109077666448082, 0.012235102599807, -0.0659178177248467, 0.056919806467539, -0.108813935614108, 0.0471684187309486,
                                            0.0558976785402545, -0.171352122796537, 0.0376708172884641, 0.0342031571850324, -0.022367357530521, 0.0286039985505547, -0.105723027555953, -0.000798163608730273, -0.110063515757423, -0.00938045152345144,
                                            0.0604633557547902, -0.000608994109305316, 0.0687195577963644, 0.0176701815348141, -0.06361466557524, 0.0766342602956934, -0.0997389739343924, 0.0676953002215354, 0.0116651611362407, -0.04268816769923,
                                            -0.13307249491145, 0.0382035188205286, 0.119765268385218, -0.0138886488389367, 0.0242604383678386, 0.0233006822127491, -0.0555415106865841, 0.0257244704744914, 0.101886820155741, -0.0796860474463336,
                                            0.0737423976334758, 0.114286902928487, -0.0457874768965002, -0.0253615796961719, -0.0511676703620348, -0.196051442250582, 0.0606200443451377, -0.103873595808141, 0.0129300483434251, -0.00927063696636708,
                                            0.0104707990465065, -0.00470674134118419, -0.123935524841584, -0.0203273431264769, -0.0338872403224581, -0.0193283600159231, -0.0296782075034963, -0.0999611347458517, -0.186575198678005, 0.0326083812199811,
                                            -0.0771364228051269, -0.0207991374083461, 0.0548786437394939, -0.0640031506090835, -0.00485599417783804, 0.0653996492670618, -0.034078649187022, -0.0435760322177762, 0.0676323796817018, 0.046761774517583,
                                            -0.0779610758622778, 0.0776689045479001, 0.0420948891429815, 0.0107172703276825, 0.0926422670710055, -0.0698846295774671, -0.0746810981767996, -0.110692304649266, 0.0408770567378254, 0.130839010316633,
                                            0.0449985987100698, 0.142954036160905, -0.158313930307861, -0.0241832235613885, -0.0778326279333782, -0.0159035102478079, -0.0567799800619892, 0.0285626034634857, 0.0647665221124746, 0.0645506076525064,
                                            -0.140593702251648, 0.0270364189763479, -0.139027825936142, -0.148180721352721, -0.0202036694383795, 0.00380757053041985, -0.0767684140220179, 0.0469490092549029, -0.00673867439774167, 0.0200906209248339,
                                            0.106310170323184, -0.0992937120447301, -0.0574830552663233, -0.0365878812530656, 0.105465904510877, 0.0500656905762828, -0.0593434905412662, -0.120640331641727, -0.0859238485899727, 0.0943644749992963,
                                            -0.0561251973607131, 0.0177130207699318, 0.0958447512462567, -0.0696548381276622, 0.0500725651616583, 0.00713675092982893, 0.0746966459504174, 0.0150214640382218, 0.159034027081499, 0.00627520396175848,
                                            -0.0541745141620029, 0.0438881397373431, 0.017187305098846, 0.0301402211200398, -0.0436858482079197, -0.0139546279079066, -0.0858104072985529, -0.130910776160444, -0.0176856472271768, 0.0885776965166742,
                                            -0.0537627495171604, -0.00450208439020874, -0.0552475144728502, 0.0940845180959718, -0.0958061342485667, -0.122980639137931, 0.00669870006626771, 0.0943621635184886, -0.0930635811721521, 0.152928688150846,
                                            0.0721907515490559, -0.0804475863425823, 0.0581669907236995, -0.172718258473262, -0.0740825887515112, -0.0685594159475758, 0.0809766986751859, 0.124824475531661, -0.0267741758411571, 0.0554720706459506,
                                            0.0893170040926982, 0.0467225142949412, -0.0637479082198088, 0.0565050820682833, 0.0277919488419281, 0.0239679787254365, 0.0683358204445498, -0.0685226153704759, -0.16189047186063, -0.0421746845283136,
                                            0.104780657013875, 0.00231523229076512, 0.0066734166031115, 0.0742328424606484, -0.100294342315222, 0.0555197894330925, 0.0322279550713905, -0.0526984068538866, -0.0018356910710216, -0.0161249191551458,
                                            -0.0419513222798564, 0.00135986008702966, -0.0311485690939562, 0.0765240259958703, 0.102671429179842, 0.026209593106538, -0.0546579581403734, -0.0682449175032176, -0.0696748560462257, -0.0522688983552093,
                                            0.0800017513055078, -0.0563924879479905, 0.0297595444559729, 0.0367761721626733, -0.0938349651121154, -0.0360559712461728, 0.036694941098628, 0.0460321935741549, -0.0375919720624409))

Wout          = matrix(nrow = 1, ncol = (tam_reservoir+2), c( 0.058057114481926,
                                                              1.0010269188183,
                                                              0.058059349656105,
                                                              1.47258765713951,
                                                              0.0580595061182976,
                                                              0.0580593273043633,
                                                              0.0580594465136528,
                                                              0.0580596253275871,
                                                              0.0580596253275871,
                                                              0.0580595433712006,
                                                              0.0580596253275871,
                                                              -2.87848351965658,
                                                              0.0580594837665558,
                                                              0.0580592751502991,
                                                              0.0580597519874573,
                                                              0.0580596178770065,
                                                              0.0580593794584274,
                                                              0.0580594539642334,
                                                              0.0580596327781677,
                                                              0.0580594539642334,
                                                              -0.0031974782866584,
                                                              0.0580597966909409,
                                                              0.0580594688653946,
                                                              0.0580596774816513,
                                                              0.0580585524439812,
                                                              0.0580595508217812,
                                                              0.019107758673556,
                                                              0.0580587759613991,
                                                              0.0580587387084961))
