3.19241192098101
3.0024173225389
2.98543532410825
2.97524612504986
2.98883172379438
3.05003484613844
2.97538198103731
2.92090373007178
2.89373253258274
2.9344893288163
2.900525331955
2.91411093069952
2.89373253258274
2.85976853572144
2.82580453886014
2.80542614074336
2.83939013760466
2.8325973382324
2.79184054199884
2.77146214388206
2.82580453886014
2.88014693383822
3.0024173225389
3.0363813194002
3.08393091500602
3.12468771123958
3.05675971751698
2.98883172379438
2.82580453886014
2.81901173948788
2.90731813132726
3.09072371437828
3.05675971751698
3.01939932096955
3.01586706529598
3.0024173225389
3.0228636486494
3.10437724111652
3.18589083358364
3.11789491186732
3.12468771123958
3.21292617508524
3.11789491186732
3.28092209680156
3.35903928958255
3.47723399865987
3.3760212880132
3.24695809994026
3.15865170810088
3.22657970182348
3.21978690245122
3.18582290558992
3.09072371437828
3.15185890872862
3.15933098803811
3.14493025336892
3.1610413674352
3.39896921229591
3.25621250537948
3.24268460791455
3.16783930585979
3.20862693640734
3.18150316209322
3.1644403366475
3.29700013592703
3.34458570489918
3.37177745859754
3.29020219750244
3.20869491579159
3.27660632065326
3.20849097763885
3.03120074352549
2.91631558414989
2.89612570702885
2.76676093880887
2.77355887723346
2.71917536983673
2.96390115312204
2.92311352257448
2.92311352257448
2.92379331641694
2.99789084524499
2.98429496839581
2.9910929068204
2.98429496839581
2.98769393760811
2.99041311297794
2.93670939942367
2.8661467985764
2.88572486123923
2.93670939942367
3.03188053736795
3.00135779384154
3.01148672209418
2.94350733784826
2.85853310754086
2.87756733512972
2.84153826147938
2.88912383045152
2.85581393217103
2.88232589202693
2.8911632119789
2.84833619990397
2.98436294778006
3.16124530558794
3.16097338805095
3.27320735144096
3.39883325352742
3.41304094483482
3.4125650891451
3.39217127387132
3.4057671507205
3.35138364332377
3.33778776647459
3.43289092503463
3.42616096599428
3.46015065811724
3.50093828866479
3.494832000952
3.50093828866479
3.6094945146699
3.69769644829905
3.6094945146699
3.69769644829905
3.78250599986554
3.88088507968267
3.7858983819282
3.78657685834074
3.64002595323384
3.65359548148448
3.44055388794945
3.38016948723411
3.28721821871723
3.39238206265968
3.34421023736991
3.32453442140649
3.35167347790776
3.5287558215786
3.50772305279011
3.42630588328628
3.28721821871723
3.31503575163104
3.25600830374076
3.16509246446148
3.17662656347452
3.07756900724486
3.1420242664354
3.16441398804895
3.12099149764691
3.22547686517682
3.10742196939627
3.06264252616916
3.38559729853436
3.38559729853436
3.37202777028372
3.41952111916096
3.48736876041415
3.61085146749496
3.51450781691543
3.45683732185021
3.49415352453947
3.57489221763077
3.56200116579266
3.62984880704586
3.59660346283179
3.68073453798575
3.82660696668012
3.73840503305097
3.74858217923895
3.74247589152616
3.71872921708754
3.86053078730672
3.83339173080544
3.91480890030927
3.84356887699342
3.74451132076375
3.66309415125992
3.68412692004841
3.58914022229394
3.57014288274305
3.63052728345839
3.5626796422052
3.5138293405029
3.52807734516607
3.61017299108243
3.60610213260724
3.58914022229394
3.5755706940433
3.55250249601722
3.56878592991798
3.59592498641926
3.61220842032003
3.51450781691543
3.50772305279011
3.58574784023128
3.59592498641926
3.6393474768213
3.52129258104075
3.35845824203308
3.39238206265968
3.45344493978755
3.39238206265968
3.25329439809063
3.11963454482184
3.10742196939627
3.31774965728117
3.34963804867017
3.44055388794945
3.43376912382413
3.47244227933845
3.399166826785
3.47312075575098
3.54164687341671
3.48126247270136
3.39238206265968
3.41341483144817
3.44666017566223
3.46022970391287
3.51450781691543
3.52129258104075
3.50161676507732
3.54164687341671
3.53486210929139
3.46022970391287
3.42698435969881
3.30825098750572
3.28382583665457
3.28246888382951
3.2227629595267
3.20240866715074
3.19562390302542
3.24243877549012
3.02600479989243
3.06603490823182
3.06671338464435
3.04975147433105
3.03957432814307
3.1888391389001
3.2227629595267
3.20851495486353
3.16712789369908
3.14270274284793
3.08096138930752
3.03278956401775
3.05314385639371
3.03278956401775
3.06671338464435
3.1060650165712
3.19494542661289
3.36863538822106
3.39238206265968
3.36049367127068
3.35099500149523
3.42155654839855
3.39848835037247
3.44666017566223
3.48058399628883
3.48058399628883
3.55725183090494
3.62170709009547
3.67055739179778
3.74993913206401
3.70448121242437
3.78657685834074
3.73840503305097
3.68751930211107
3.69091168417373
3.69430406623639
3.69837492471158
3.65020309942182
3.65020309942182
3.63663357117118
3.67802063233563
3.67123586821031
3.77979209421542
3.80014638659137
3.78047057062795
3.86731555143204
3.9494111973484
3.92905690497244
3.82728544309265
3.77572123574022
3.86731555143204
3.78929076399086
3.79946791017884
3.77911361780288
3.72551398121286
3.79268314605352
3.83339173080544
3.86053078730672
3.86392316936938
3.88766984380799
3.88766984380799
3.87410031555735
3.69905340112412
3.73162026892565
3.66377262767246
3.4161287370983
3.4649790388006
3.46633599162566
3.38559729853436
3.45344493978755
3.24990201602797
3.28993212436736
3.25566199807187
3.33037087339604
3.31117960267056
3.22139187177637
3.21933566419864
3.08088435396485
3.08088435396485
3.17341369496268
3.35847237695834
3.48184483162212
3.50377771245124
3.52639599580626
3.47156379373347
3.39274250325384
3.33037087339604
3.38246146536519
3.55038508421311
3.42701262954933
3.31049420014465
3.46059735331891
3.55175588926493
3.63263338732229
3.68746558939508
3.6607348908846
3.66004948835869
3.69980283486146
3.81769206931796
3.80398401879976
3.68746558939508
3.70117363991328
3.81083804405886
3.92735647346353
3.87252427139074
3.82454609457705
3.81083804405886
3.87252427139074
3.89925496990123
3.97464924775131
4.02399822961683
4.07814502916371
4.0918530796819
4.04387490286821
3.96848062501813
3.94791854924083
3.95477257449993
3.99589672605452
4.098707104941
4.12955021860695
4.27691176167757
4.18095540805019
4.05141433065322
4.00960477657272
3.95477257449993
4.00960477657272
3.95477257449993
3.98972810332133
3.88691772443485
3.86567024613165
3.91364842294534
3.99932373868407
4.02262742456501
3.92050244820444
3.83140011983615
3.79712999354066
3.67444294140279
3.62783556964092
3.70048823738737
3.6052172862859
3.54695807158356
3.51611495791761
3.5640931347313
3.5778011852495
3.67101592877325
3.73544376620877
3.71830870306102
3.68746558939508
3.5778011852495
3.55723910947221
3.45511413311164
3.48869885688122
3.63263338732229
3.70460065254283
3.66690351361779
3.70802766517238
3.65867868330687
3.66690351361779
3.68746558939508
3.71488169043148
3.65113925552186
3.5565537069463
3.62715016711501
3.66690351361779
3.63194798479638
3.62577936206319
3.63263338732229
3.65936408583278
3.63948741258139
3.68746558939508
3.72242111821648
3.72105031316466
3.6052172862859
3.58122819787905
3.57917199030132
3.64976845047004
3.6333187898482
3.82865850973251
3.8416811577248
3.83825414509525
3.83140011983615
3.81083804405886
3.76971389250426
3.75600584198607
3.88623232190894
3.97533465027722
3.82523149710296
3.76285986724517
3.70117363991328
3.79027596828156
3.5640931347313
3.49555288214032
3.79027596828156
3.87252427139074
3.84510817035435
3.68746558939508
3.6401728151073
3.46470976847437
3.37218042747654
3.34476432644015
3.45442873058573
3.51611495791761
3.38931549062429
3.37218042747654
3.38588847799474
3.44072068006753
3.44414769269708
3.43455205733434
3.48801345435531
3.5983632610268
3.66690351361779
3.77039929503017
3.70391525001692
3.68403857676553
3.58602601556042
3.5709471599904
3.65662247572914
3.67375753887688
3.63126258227047
3.612071311545
3.612071311545
3.54353105895401
3.48527184425167
3.55723910947221
3.48869885688122
3.47499080636302
3.38931549062429
3.42701262954933
3.54010404632446
3.70734226264647
3.53050841096172
3.53804783874673
3.38657388052065
3.13914356866719
3.20699841873226
3.26937004859006
3.34476432644015
3.48595724677758
3.42015860429023
3.37218042747654
3.38520307546883
3.31734822540375
3.31803362792966
3.36532640221744
3.5010361023476
3.47224919625938
3.56752014736085
3.48527184425167
3.40302354114249
3.36189938958789
3.3344832885515
3.31049420014465
3.24538096018322
3.25566199807187
3.22824589703547
3.30364017488556
3.35847237695834
3.28239269658235
3.30843799256693
3.37218042747654
3.47499080636302
3.50583392002897
3.51268794528806
3.53667703369491
3.51474415286579
3.5915092357677
3.56272232967948
3.51611495791761
3.49349667456259
3.44072068006753
3.3139212127742
3.29404453952282
3.29678614962646
3.34476432644015
3.35367455927698
3.31049420014465
3.28993212436736
3.26937004859006
3.21933566419864
3.33379788602559
3.27005545111597
3.26251602333096
3.29678614962646
3.30364017488556
3.28307809910826
3.28170729405644
3.33791030118105
3.31049420014465
3.25977441322732
3.39959652851294
3.42701262954933
3.45100171795618
3.41330457903113
3.41330457903113
3.43729366743798
3.49897989476987
3.55723910947221
3.63674580247775
3.68746558939508
3.79644459101475
3.84510817035435
3.96848062501813
4.00275075131362
3.90679439768624
3.85196219561345
3.87252427139074
3.85813081834664
3.91433382547125
3.95134556187038
3.98218867553632
4.02948144982411
4.11310055798511
4.13297723123649
4.13297723123649
4.098707104941
4.03016685235001
4.00275075131362
3.99640724774577
4.04926977747786
4.09508396991233
4.07041478937069
4.1592238393206
4.10918064450755
4.0739389580195
4.08803563261472
4.03164893423383
4.0739389580195
3.93790604817559
3.94706888666249
3.92592387476965
3.89209185574112
3.92662870849942
3.95482205768986
4.01050392234099
3.97667190331246
3.9414302168244
3.92592387476965
3.94706888666249
3.96821389855532
3.90125469422801
3.81878914784596
3.87658551368637
3.87094684384828
3.7490106085996
3.81878914784596
3.74266710503175
3.73561876773414
3.84839216449593
3.77861362524957
3.73491393400438
3.64258071540567
3.69332874394847
3.66513539475803
3.80610214071026
3.81315047800787
3.87658551368637
3.90477886287682
3.8906821882816
3.96821389855532
3.9541172239601
3.94002054936488
3.93297221206726
3.89914019303873
3.84275349465784
3.84134382719831
3.91182720017443
3.90477886287682
3.82019881530548
3.76310728319483
3.79200546611503
3.73561876773414
3.67570790070444
3.60522452772833
3.47694478891179
3.50090913572367
3.47130611907371
3.41844358934162
3.22813848230611
2.97439833959209
3.08787657008364
3.2210901450085
3.42901609528804
3.49527046588559
3.46073361312729
3.38320190285356
3.33315870804052
3.29932668901198
3.30919436122864
3.27254300728106
3.23025298349539
3.15765510932999
3.17175178392521
3.19712579819661
3.12946176013954
3.17175178392521
3.22249981246802
3.15060677203238
3.10549741332767
2.88981829202075
2.81933491904463
2.9595968312671
2.86514911147911
2.74603221114947
2.71360985958046
2.75589988336613
2.8834747884529
2.95325332769925
3.05193004986582
2.90602946780526
2.91096330391359
2.9180116412112
3.10831674824671
3.17175178392521
3.03994787645988
2.86796844639815
2.84752826823508
2.87924578607433
2.87219744877672
2.81228658174702
2.77704489525896
2.81933491904463
2.89757146304812
2.91096330391359
3.00964002608015
3.09069590500268
3.08364756770507
3.07307506175865
3.1012684109491
3.10902158197647
3.15060677203238
3.19289679581805
3.17175178392521
3.20205963430494
3.22813848230611
3.30567019257983
3.34302638025718
3.34091187906789
3.39095507388093
3.32681520447267
3.17316145138474
3.13651009743716
3.00259168878254
3.08012339905626
2.98074184315994
2.90743913526478
2.80876241309822
2.7981899071518
2.53669659341041
2.60083646281867
2.79607540596252
2.79114156985419
2.86796844639815
2.86514911147911
2.75237571471732
2.78409323255658
2.76294822066374
2.70585668855309
2.61140896876509
2.47749056011047
2.47819539384023
2.48101472875928
2.69951318498524
2.74885154606852
2.76647238931255
2.81228658174702
2.97439833959209
3.03712854154083
3.05968322089319
2.96030166499687
2.9180116412112
3.06602672446104
3.12241342284193
3.11466025181456
3.01739319710752
2.97439833959209
2.93845181937427
3.03078503797298
3.07307506175865
3.09703940857053
3.03924304273012
3.05077990837274
3.13298007607648
3.17984859274966
3.15461169915641
3.22599605532017
3.30891727712657
3.26637508506938
3.18417491736564
3.12072215633118
3.10774318248323
3.10053264145658
3.20508548634291
3.23032237993616
3.25123294891343
3.24474346198945
3.20869075685623
3.20796970275357
3.15821696966973
3.12937480556316
3.1870591337763
3.25916454404273
3.25195400301609
3.24834873250277
3.25267505711875
3.25339611122142
3.4033753645756
3.51153347997525
3.51585980459123
3.45673336817276
3.36371738892906
3.34569103636245
3.39616482354895
3.38174374149567
3.53316510305518
3.46899128791805
3.47548077484203
3.61608632486157
3.78625509309035
3.77471822744772
3.79274458001433
3.7711129569344
3.79995512104098
3.64853375948147
3.62690213640154
3.59445470178164
3.40698063508892
3.41923855483421
3.25267505711875
3.26276981455606
3.2195065683962
3.38895428252231
3.41635433842356
3.42572804175819
3.46682812561006
3.38174374149567
3.37813847098235
3.27719089660934
3.24474346198945
3.38895428252231
3.34569103636245
3.37813847098235
3.33126995430917
3.30747516892124
3.33126995430917
3.31108043943457
3.27719089660934
3.20869075685623
3.25195400301609
3.14379588761644
3.07241153145267
3.0031903375969
3.02121669016351
3.07817996427399
3.00030612118624
3.09981158735392
3.17984859274966
3.11495372350987
3.24474346198945
3.33848049533581
3.30603306071592
3.32405941328252
3.30963833122924
3.43221752868217
3.44663861073546
3.51153347997525
3.47548077484203
3.38390690380366
3.45024388124878
3.41058590560224
3.41779644662888
3.41779644662888
3.41044634674366
3.49864754536634
3.54936323457438
3.59419884387425
3.60448898371356
3.51408275512531
3.36634574743232
3.38839604708799
3.39574614697321
3.40677129680105
3.39942119691583
3.43249664639933
3.41044634674366
3.49129744548112
3.54274814467768
3.57655860414971
3.52437289496462
3.4839473455959
3.51775780506792
3.59419884387425
3.66696483273796
3.72650064180827
3.79265154077528
3.77795134100483
3.82940204020139
3.7573710613262
3.85806742975377
3.93230343859452
3.99477928761892
3.96243884812394
4.00580443744676
3.9874291877337
3.85880243974229
3.90290303905363
3.92862838865191
3.95435373825019
3.89555293916841
3.82572699025878
3.91686822883555
3.94038854846827
3.87497265948978
3.88011772940944
3.85512738979968
3.85145233985706
3.96905393802064
3.96170383813542
3.99110423767631
3.9580287881928
3.87350263951273
3.93597848853713
3.99477928761892
3.97787405788291
3.9874291877337
3.99110423767631
3.93303844858304
3.75590104134916
3.64638455305933
3.71694551195748
3.68387006247397
3.68607509243954
3.72944068176236
3.74120084157871
3.77721633101631
3.80073665064902
3.8066167305572
3.89481792917988
3.99110423767631
4.02785473710243
4.0499050367581
3.99330926764188
4.04622998681549
4.13075613549556
4.11091086580545
4.13075613549556
4.2079321842904
4.21087222424449
4.23365753388868
4.21307725421006
4.145456335266
4.11605593572511
4.15280643515122
4.17485673480689
4.1388412453693
4.15280643515122
3.95435373825019
3.94332858842236
4.0205046372172
4.00580443744676
4.13443118543817
4.24468268371652
4.26452795340662
4.28143318314263
4.27775813320002
4.37330943170793
4.28584324307377
4.33361889232772
4.23586256385425
4.23733258383129
4.26673298337219
4.25570783354435
4.19837705443961
4.24174264376243
4.35493418199487
4.35493418199487
4.46886073021583
4.41741003101927
4.41005993113404
4.52398647935501
4.68127861689879
4.76433474560181
4.75551462573954
4.63350296764484
4.7114140264282
4.73346432608387
4.72611422619865
4.62321282780552
4.64893817740381
4.63056292769075
4.63791302757597
4.6158627279203
4.53427661919432
4.46518568027322
4.50634623963047
4.4284351808471
4.43578528073233
4.48356092998628
4.457835580388
4.59381242826463
4.75257458578546
4.836365724477
4.8657661240179
4.85106592424745
4.89516652355879
4.91721682321446
4.88855143366209
5.01938321161907
4.92824197304229
4.84371582436223
4.81872548475247
4.74816452585432
4.75477961575102
4.75771965570511
4.68201362688731
4.60851262803508
4.67098847705948
4.69671382665776
4.76653977556738
4.72611422619865
4.66804843710539
4.63056292769075
4.77021482550999
4.75110456580841
4.64158807751858
4.79226512516566
4.79961522505089
4.74963454583137
4.81064037487872
4.90251662344401
4.94367718280126
5.04951862114848
4.95029227269796
5.02746832149281
5.05319367109109
5.06127878096484
5.04584357120587
5.04584357120587
5.10978944020731
5.01854320020361
5.06796824687228
5.08545710953966
5.17822412021009
5.22004531354512
5.17062026687645
5.19191105621064
5.2162433868783
5.22764916687876
5.42534935355345
5.41014164688617
5.553854474892
5.49454441888959
5.45044206955447
5.50214827222323
5.6344553202286
5.73786772556613
5.75611697356687
5.89222594823906
5.77132468023415
5.69680691756446
5.81238548823582
5.80934394690236
6.02225184024433
6.37507063492531
6.7065986402721
6.63588280426923
6.59634276693429
6.52410616026469
6.53171001359834
6.60014469360111
6.40016335092633
6.27317900025451
6.38723680025914
6.5514800322658
6.68378708027117
6.56288581226627
6.45034878292837
6.47163957226256
6.60014469360111
6.5621254269329
6.53931386693198
6.15912120024989
5.95305677490819
5.9614210135752
6.08308266691347
5.95305677490819
5.91579789357335
6.20626509091846
6.19714046691809
6.3796329469255
6.62903933626895
6.62675818026886
6.52334577493133
6.41232951626016
6.48608689359648
6.44046377359463
6.14695503491606
6.15151734691624
6.25797129358723
6.16824582425026
6.2351597335863
6.47848304026284
6.46479610426229
6.53931386693198
6.45947340692874
6.51498153626432
6.5621254269329
6.56972928026654
6.2883867069218
6.18193276025081
6.34693637759084
6.1439134935826
6.17508929225053
6.28458478025498
6.53171001359834
6.37126870825849
6.29599056025544
6.21995202691902
6.2055047055851
6.24276358691995
6.28762632158843
6.28458478025498
6.42664419052118
6.60113020530467
6.58105659298445
6.67833640653631
6.59263752316919
6.62429206567416
6.59340958518151
6.7161674451398
6.83274880899957
6.75477054575562
6.63664505787122
6.56252710468886
6.53550493425778
6.47760028333406
6.26914354000865
6.24598167963916
6.313923136723
6.19193733877702
6.26914354000865
6.10237814534832
5.79046509237252
5.76730323200303
5.82134757286517
6.02980431619058
6.13789299791487
5.72947219339953
5.52796400818496
5.31950726485956
5.73719281352269
5.72175157327637
5.80590633261885
5.65149393015558
5.45461811701491
5.49708152769231
5.50248596177853
5.33494850510588
5.18902878477809
5.51252276793864
5.44303718683017
5.43068419463311
5.57351566691163
5.48164028744599
5.54186112440666
5.69781765089456
5.6900970307714
5.61289082953976
5.61983938765061
5.74877374370744
5.65921455027874
5.58972896917027
5.58972896917027
5.6051702094166
5.76344292194145
5.78660478231094
5.81285489072969
5.78274447224936
5.70939858107931
5.77425179011388
5.99892183569793
5.99120121557477
5.87539191372732
5.79046509237252
5.84064912317308
5.96881141721759
5.93715687471262
5.92943625458946
5.89546552604754
5.82443582091444
5.73642075151038
5.72097951126405
5.76730323200303
5.73642075151038
5.72483982132563
5.91399501434313
6.05142205253544
5.97498791331612
5.92943625458946
5.89469346403522
5.79123715438484
5.77502385212619
5.71325889114089
5.84450943323466
5.95259811495895
6.05528236259702
6.02980431619058
6.01745132399352
5.99892183569793
6.0684074168064
5.95568636300822
6.03752493631375
6.02980431619058
6.14561361803803
6.15719454822278
6.20660651701103
6.13789299791487
6.17263578846911
6.16877547840752
6.23440074945441
6.33090850099396
6.53550493425778
6.47914440735869
6.45829873302615
6.50462245376513
6.37877634575757
6.38726902789305
6.33090850099396
6.33090850099396
6.33708499709249
6.43127656259508
6.42355594247192
6.42896037655813
6.50462245376513
6.52932843815925
6.48609296546954
6.48532090345722
6.57796834493518
6.57565215889823
6.65517454616682
6.73855724349698
6.76480735191574
6.86749159955381
6.83043262296262
7.02422018805402
7.11377938148272
7.17631640448034
7.2450299235765
7.2311328073548
7.2450299235765
7.45928601113024
7.49896306438093
7.64973586673356
7.66243252377378
7.7092514466096
7.68147750933412
7.59022028685752
7.29264238747733
7.24106221825143
7.38151898675888
7.53070470698148
7.34025485137816
7.3712029529137
7.48388578414567
7.52276929633134
7.5314982480465
7.43151207385475
7.48229870201564
7.37913836356384
7.41564125255448
7.44976351835007
7.43151207385475
7.47515683243051
7.60212340283273
7.50689847503107
7.44738289515503
7.5545109389319
7.58228487620738
7.60212340283273
7.2450299235765
7.30375196238752
7.21328828097594
7.18154663837539
7.27597802511204
7.14980499577483
7.11012794252414
7.49102765373079
7.44500227195999
7.32041632475281
7.37199649397871
7.59418799218259
7.4513506004801
7.40453167764428
7.47118912710545
7.37199649397871
7.37517065823877
7.17440476879026
7.29264238747733
7.34025485137816
7.40294459551425
7.44341518982996
7.58625258153245
7.51642096781123
7.50689847503107
7.67750980400905
7.56244634958204
7.66957439335891
7.67830334507406
7.68941291998426
7.76717994435561
7.7092514466096
7.47515683243051
7.38628023314896
7.35771275480846
7.37993190462885
7.41246708829442
7.31644861942774
7.39580272592913
7.35612567267844
7.4283379095947
7.46722142178038
7.41960895787954
7.34025485137816
7.38389960995392
7.21725598630101
7.22915910227622
7.32359048901287
7.47515683243051
7.45928601113024
7.36406108332857
7.48309224308065
7.44341518982996
7.5545109389319
7.63386504543329
7.72115456258481
8.06317076160578
8.02666787261514
8.15680860727742
8.08221574716611
8.01873246196501
8.13379591639201
8.14966673769229
8.14966673769229
8.25282707614409
8.3163103613452
8.49088939564825
8.77656417905324
8.97098173998163
8.82655726614911
8.46390899943778
8.70514548320199
9.00669108790725
9.14952847960975
9.18523782753537
9.0781097837585
8.91940157075573
8.68133925125157
8.53850185954908
8.47501857434797
8.25282707614409
8.42740611044714
8.51390208653365
8.41153528914686
8.38772905719645
8.15839568940744
8.03857098859035
8.14173132704215
7.99492623001459
7.87192736493744
8.04650639924049
8.18537608561791
8.24489166549395
8.24489166549395
8.03936452965536
8.03063557794021
8.04968056350054
7.93541065013855
7.97508770338924
7.93541065013855
7.77670243713578
7.56800113703714
7.44341518982996
7.3712029529137
7.61720068306799
7.51880159100628
7.38786731527899
7.60926527241786
7.68941291998426
7.47515683243051
7.29264238747733
7.49896306438093
7.47515683243051
7.44500227195999
7.55689156212694
7.69734833063439
7.83463093488179
7.84812113298703
7.67354209868398
7.68941291998426
7.53864011763162
7.34025485137816
7.44024102556991
7.62989734010822
7.70528374128453
7.77749597820079
7.79257325843606
7.62989734010822
7.76876702648564
7.82828260636168
7.99889393533966
8.03857098859035
7.97905540871431
8.22108543354354
8.26076248679423
8.25123999401406
8.1615698536675
7.95128147143883
7.95921688208897
8.03063557794021
8.07031263119091
8.02746141368016
8.17347296964271
8.24885937081902
8.37185823589617
8.54643727019922
8.67340384060143
8.64086865693587
8.72895171515241
8.5853207823849
8.45121234239756
8.79243500035351
8.68927466190171
8.61864950711548
8.51469562759866
8.61744546258091
8.61027686944261
8.70585811128657
8.67479420768728
8.49080031713767
8.6429337937393
8.60151525560692
8.76161383569554
8.74727664941894
8.60231176595562
8.34742845437175
8.29167272996278
8.32353314391076
8.36335866134574
8.47088755842018
8.59434666246862
8.41114928226772
8.4390271444722
8.65488144896979
8.79347424964352
8.68036978012818
8.86038111893429
9.05791568541179
9.11207838912336
9.01649714727941
9.09614818214937
9.26739790711978
9.4155488319779
9.46254294255118
9.57405439136912
9.74928666808303
9.79628077865631
9.6218450122911
9.40678721814221
9.41076976988571
9.54219397742114
9.73335646110904
9.58281600520482
9.85283301341398
9.89265853084896
9.70229255750976
9.91655384130995
10.1116988767414
10.3546345330947
10.2877482442005
10.2240470166823
10.3482644103429
10.4247058833648
10.418335760613
10.7814327574671
10.8292086781058
10.7177315299489
10.8865397828723
10.9311306421351
11.0744584040512
11.3547438051316
11.3611139278834
11.7879121522558
11.4789611987922
11.3961496030184
11.2114160432155
11.4598508305367
11.5999935310769
11.3197081299965
11.3547438051316
11.4662209532885
11.0203123606606
10.4310760061166
10.0329433341275
10.0966445616457
10.0329433341275
10.2240470166823
10.0010927203683
9.93102137009823
10.2367872621859
9.68258658277698
9.87369026533179
9.38319081344111
9.73991768754342
10.2781930600728
10.2304171394341
10.1921964029231
9.89280063358727
9.92146618597049
10.2590826918173
10.4215208219889
10.7018062230693
10.3992253923575
10.3036735510801
10.4788519267554
10.4597415584999
10.125310114029
9.82591434469309
9.90235581771501
10.1921964029231
10.3546345330947
10.4151506992371
10.5234427860181
10.8929099056241
11.0043870537811
10.9088352125037
10.9152053352555
10.5138876018904
10.7177315299489
10.9088352125037
11.1477148156972
11.3324483755002
11.3037828231169
11.4343703395294
11.3483736823797
11.4471105850331
11.4980715670477
11.55858773319
11.6382142675879
11.7369511702412
11.5617727945659
11.5617727945659
11.55858773319
11.5617727945659
11.7242109247375
11.7528764771207
11.6732499427229
11.6382142675879
11.5617727945659
11.7528764771207
11.8516133797741
12.260400696241
12.6466564283358
12.7078135859174
12.6820632037778
13.148788880059
13.1455700822915
13.1681016666637
13.6155145563401
13.7281724782011
13.7120784893638
13.9856762995976
13.7764544447129
13.6412649384798
14.066146243784
14.2431801209941
14.3880260205296
14.6616238307634
14.6455298419261
14.4813711557859
14.912690056625
15.1283495070446
15.0478795628582
14.3880260205296
14.2238673343894
14.5972478754143
13.9631447152254
13.6895469049916
13.5833265786656
13.3129475661992
13.1326948912217
13.1648828688962
13.2453528130826
13.8794559732715
14.1627101768077
14.3912448182971
14.1820229634124
14.0178642772722
14.1594913790402
14.4041200093669
14.5264343245302
14.5489659089024
14.6455298419261
14.2431801209941
13.6316085451774
13.5447010054561
13.1648828688962
13.2646655996874
13.4159490947578
14.0082078839698
14.1852417611799
14.066146243784
13.7764544447129
13.9856762995976
13.7667980514106
13.5414822076886
13.6477025340147
13.663796522852
13.7120784893638
13.4288242858276
13.8118612201549
13.8891123665739
13.8858935688064
14.2431801209941
14.0229080609014
14.2852909560118
14.3824698060527
14.197829990975
14.2205050559846
14.0747367809232
14.0585403059164
14.0423438309096
14.2626158910023
14.9363892512858
15.1242683613649
15.0011751513131
14.9007570062708
14.8975177112695
15.0141323313185
14.706399306189
14.9752607913022
15.240882981414
15.2084900314003
15.062721756339
15.3801726664726
15.4060870264835
15.5972054315639
15.535658826538
15.3413011264562
15.1922935563935
14.8035781562299
14.9007570062708
14.4634521810868
14.0876939609287
14.0196687659
13.9257292108605
13.7670037557937
13.8965755558482
14.0682581909205
14.5768275061345
14.4958451311004
14.1233262059436
14.2528980059982
14.3144446110241
14.4731700660909
13.9322078008632
13.7832002308005
13.1353412305279
13.0511195604924
12.7563437153684
12.3093210051802
11.8234267549758
12.3417139551939
13.0543588554938
12.7369079453602
12.7304293553575
13.0932303955102
13.073794625502
13.297305980596
13.2940666855947
13.1547770005361
13.4106813056437
13.9289685058619
13.9872758158864
14.1233262059436
14.0617796009178
13.8641826058346
13.9775579308823
13.8641826058346
13.8058752958101
14.1848728109695
14.1913514009723
14.1233262059436
14.3306410860309
13.7022178557664
13.7184143307733
14.1395226809505
13.7184143307733
13.6050390057255
14.1136083209396
14.2528980059982
14.3209232010268
14.4926058360991
14.6092204561481
14.5444345561209
14.5800668011359
14.8035781562299
14.8748426462599
14.8003388612286
14.9817393813049
14.9655429062981
14.8521675812504
14.813296041234
14.706399306189
14.3533161510404
14.6416134061618
14.670767061174
14.3662733310459
14.5411952611195
14.3662733310459
14.3338803810323
13.8803790808414
14.0261473559028
14.2205050559846
14.1395226809505
13.9775579308823
13.9613614558755
13.9289685058619
14.2140264659818
14.3079660210214
14.126565500945
13.7216536257746
13.3458954056165
12.8146510253929
12.8276082053984
13.1871699505497
12.8049331403888
12.7142328803507
13.1677341805415
12.895633400427
12.5263537702716
12.5231144752702
12.3546711351993
12.4064998552211
12.6656434553302
12.9895729554665
13.1515377055347
13.1482984105333
13.1223840505224
12.5684646052893
12.9928122504679
12.9895729554665
13.0219659054801
13.2325200805688
13.3135024556028
13.1774520655456
13.4916636806778
13.6374319557392
13.3912455356356
13.2778702105879
13.5370138106969
13.3135024556028
13.2551951455783
13.5726460557119
14.0261473559028
14.0261473559028
13.94840427587
13.7670037557937
13.9289685058619
13.9453941762697
14.1917792323876
14.487441299729
14.3823170091187
14.6714088082969
14.6845493446232
14.8980830599254
14.487441299729
14.6352723333997
14.3888872772818
14.2903332548347
14.5958507244208
14.6024209925839
14.5202926405447
14.5531439813604
14.4315940203422
14.5071521042184
14.9802114119646
15.0557694958408
14.8816573895175
15.1576086523695
15.3251504905296
15.3087248201218
15.3612869654269
15.4959774627713
15.4729815242003
15.4007085744058
15.3744275017532
15.5124031331792
15.5222585354239
15.5715355466475
15.6865152395024
15.9164746252124
15.8671976139889
15.8244908709284
15.9591813682729
16.2614137037774
16.3599677262245
16.5735014415267
15.9986029772517
15.6536638986867
15.1740343227773
15.3054396860402
14.9539303393121
14.8652317191096
14.8520911827834
14.8323803782939
14.7469668921731
14.5202926405447
14.4743007634027
14.2410562436111
14.8422357805386
14.8652317191096
15.3415761609375
15.4729815242003
15.275873479306
14.8718019872728
15.2134559317562
15.3974234403242
15.3547166972638
15.5386842058317
15.4401301833846
15.1970302613483
14.7535371603362
14.9802114119646
14.7174006854389
14.5367183109525
14.8028141715598
14.7009750150311
14.533433176871
14.5629993836051
14.5531439813604
14.7995290374782
14.9243641325779
14.9834965460462
13.9946711874933
14.0866549417773
13.912542835454
13.4887605389313
13.1963836056715
13.6990091201519
13.5511780864812
13.912542835454
13.9651049807591
13.7647118017833
13.544607818318
13.5840294272969
13.452624064034
13.2128092760793
13.5019010752576
13.82055908117
14.2246305732033
14.4217386180975
14.4808710315658
14.6516980038075
14.5071521042184
14.4545899589132
15.1444681160432
15.1576086523695
15.1181870433906
14.9275664241479
15.1181870433906
15.1839182914054
15.137906417795
15.3646792234459
15.1477661049973
15.3482464114422
15.6801892139167
15.989126079586
15.6933354635196
15.538867030685
15.2989479754312
15.4468432834643
15.3252404746371
15.289088288229
15.6111714035012
15.2627957890231
15.151052667398
14.8552620513317
14.9900111097619
15.1839182914054
15.1247601681921
14.7961039281184
14.8223964273243
14.8519754889309
14.5791908096697
14.8651217385339
14.9045604873427
14.8289695521258
15.1181870433906
15.1346198553943
15.2825151634275
15.4304104714606
15.413977659457
15.5125745314791
15.1543392297987
15.3482464114422
15.3975448474533
15.1346198553943
15.3482464114422
15.0984676689862
15.4797089074717
15.6703295267145
15.7722129611373
15.4172642218577
15.5783057794938
15.775499523538
15.8149382723469
16.163313886825
16.4328120036855
16.6793041837407
16.7483219941562
16.9718082374064
16.6924504333437
16.8600651157813
16.863351678182
16.8271994917739
16.6661579341378
16.8304860541747
16.8271994917739
16.9718082374064
17.3530494758919
17.6488400919582
17.7310041519766
17.826314461598
17.9906425816348
17.6981385279693
17.8361741488002
18.2404213240909
18.3521644457159
18.1779766384769
18.5033463161498
18.4573344425395
18.7235459969992
18.5953700633705
18.8977338042383
17.8361741488002
18.0925260160577
17.2544526038697
16.7811876181636
17.5469566575353
17.3234704142852
17.2150138550609
17.3366166638882
16.5971401237223
16.6102863733253
16.6793041837407
17.3037510398808
16.6300057477297
16.2684838836486
16.4032329420788
16.2487645092442
15.9201082691705
15.4468432834643
15.2496495394201
15.2069242282105
15.1740586042032
16.0187051411926
16.0712901396044
16.350647943667
16.288203258053
15.9562604555786
16.301349507656
16.5281223133068
17.1558557318476
17.2347332294653
17.6554132167597
17.5798222815427
17.7737294631862
17.3530494758919
17.8460338360024
17.9807828944326
18.1911228880798
17.8460338360024
17.9084785216164
18.6841072481904
18.6380953745801
18.6676744361867
19.226390044312
19.7193744044226
19.426870350757
19.6700759684115
19.8344040884484
19.4564494123636
19.8344040884484
19.9527203348749
19.2921212923267
19.4564494123636
20.2616572005442
20.5507771245145
20.9827954017116
21.6507621226087
21.5145102044158
22.2987895384044
22.1027197049072
22.445011109148
22.2655573632354
20.936270356475
20.8066648733159
21.4314297664933
22.3320217135734
22.6311112900944
23.6280765451647
24.2029931755885
23.2691690533394
23.9338125567196
23.7443891582562
22.6311112900944
23.2625226183056
23.3456030562281
26.6522044855444
27.134071025495
25.3694425240207
25.8214001063192
26.296620211236
26.1869540331783
25.6884714056432
25.2066048656926
25.3063013911996
25.4226140042911
24.8842527665532
24.5918096250659
24.55525423238
24.3924165740519
23.8939339465167
24.3259522237139
24.757970500911
26.0872575076713
26.801749273805
26.6023562227909
26.4860436096994
26.8848297117275
28.2440256761399
27.3500801640936
26.9845262372345
25.5721587925516
26.1869540331783
27.0277280649542
27.3833123392626
28.2573185462075
29.011688922544
28.6926600409215
29.3772428494031
28.911992397037
28.4467419446708
27.0509905875725
26.2567416010332
27.6990180033682
28.2207631535216
27.9482593171357
27.1041620678429
26.9479708445486
25.761582191015
24.79120267608
23.5449961072422
23.8607017713477
22.0894268348396
24.2461950033082
23.8307928136956
25.5023712246967
26.8748600591768
26.8515975365585
27.4597463421513
26.7186688358824
27.1506871130795
26.1869540331783
27.001142324819
27.1839192882485
27.639200088064
27.6956947858513
28.1011273229132
27.7588359186724
27.5162410399386
28.2307328060723
28.3470454191638
28.4135097695018
27.9183503594836
28.0147236674737
27.9981075798892
28.0479558426427
28.4799741198399
28.6295189081004
27.067606675157
26.8848297117275
26.1371057704248
26.7851331862204
26.2567416010332
25.9742681120966
25.4890783546291
26.4893668272163
26.3597613440571
26.0141467222995
25.5023712246967
24.5353149272786
24.9075152891715
23.0631295672916
23.0631295672916
23.2625226183056
24.4921130995589
24.890899201587
24.2960432660618
24.1298823902167
24.588486407549
25.1766959080405
25.8446626289375
26.1537218580093
26.2534183835163
26.0872575076713
26.5824169176895
26.599033005274
26.6954063132641
26.1038735952558
27.5727357377259
27.8950878368653
27.7156340909527
28.2805810688258
28.3470454191638
28.6461349956849
28.2539953286906
27.6491697406147
28.0147236674737
28.0213029825671
26.9093987317914
27.7647096939265
28.2910549013943
28.8502966843289
29.6069179200638
29.5082281936636
29.6069179200638
30.0477320313181
30.1003665520649
30.8898843632666
30.462228882199
30.9951534047602
31.6794021744683
32.8965754667376
33.9887417722333
34.5479835551678
33.2650171119651
33.9295279363932
32.8307823158041
33.547927660979
32.4623406705767
32.2386439574028
32.7584098497773
31.218850117934
29.7911387426776
31.2912225839608
31.3109605292408
31.238588063214
30.2648494293986
29.8700905237977
29.7253455917441
30.1990562784651
30.1332631275316
30.4293323067323
29.8700905237977
28.8831932597956
28.3765859976079
28.8766139447023
28.7976621635821
29.5740213445971
29.5411247691304
29.8042973728643
30.4030150463589
30.3240632652387
28.9358277805424
27.9949857221937
28.4226412032613
27.5870681864061
26.7185985940843
26.3501569488568
26.7120192789909
26.8962401016047
26.6791227035242
26.1659361262431
24.8698110528536
25.1329836565875
25.501425301815
24.6263763943998
23.7513274869845
22.6986370720489
22.6986370720489
22.9289131003161
22.8960165248494
24.0145000907185
23.6197411851176
22.7052163871423
21.63936734202
21.185394600579
21.9091192608472
22.2775609060747
22.0736021381809
21.5143603552464
21.7577950137002
22.2051884400479
22.0012296721541
21.4946224099663
20.8432702157249
21.468305149593
22.5078369343419
23.2841961153569
23.2184029644234
22.244664330608
22.4946783041552
23.1591891285833
23.2578788549835
22.9618096757828
22.5078369343419
21.7841122740736
21.4485672043129
20.691945968578
20.9616978874052
19.9090074724696
18.6523582896402
18.8694756877207
20.6590493931112
21.7117398080468
19.6063589781756
20.5932562421777
19.6063589781756
21.185394600579
23.0144441965296
22.9618096757828
21.8762226853805
22.6920577569556
23.7184309115178
23.3105133757303
21.5472569307131
23.0933959776498
22.9618096757828
21.0867048741788
20.3958767893773
19.7379452800426
18.6194617141735
17.5667712992379
17.0272674615834
15.7903562240341
17.6983576011048
17.9615302048387
15.7903562240341
14.6060795072315
15.125845399606
16.7048810220094
16.4482877333688
15.2640110165663
14.9350452618989
13.4218027904289
11.9151396340524
13.1915267621618
14.0797342997637
15.0337349882991
15.3363834825931
15.2245351260062
16.5140808843023
15.9548391013677
15.0666315637658
15.3034869071263
15.7574596485673
15.7311423881939
13.5665477224826
13.8823548469633
13.6586581337895
13.4546993658957
12.665181554694
12.1717329226929
11.112463192664
12.6520229245073
12.7375540207208
13.5007545715491
13.1257336112283
13.1981060772551
12.1059397717594
12.040146620826
12.7046574452541
12.2375260736264
11.9480362095191
13.2967958036553
13.2310026527219
14.4350173148045
14.691610603445
14.8692521109654
15.0666315637658
15.6587699221671
16.0206322523012
15.4613904693667
15.3627007429665
14.5666036166714
14.4744932053646
15.0008384128324
14.8166175902186
15.0271556732057
16.1456392390748
16.5140808843023
16.7443569125694
16.0864254032347
16.7772534880362
16.7114603371027
15.6258733467004
15.7574596485673
15.3298041674997
15.8561493749675
15.9745770466478
15.6785078674471
15.1719006052594
15.9614184164611
15.5535008806735
15.5206043052068
15.6587699221671
15.7245630731006
16.5798740352358
16.4680256786488
16.4680256786488
16.244328965475
16.829888008783
16.9088397899031
17.1062192427035
17.8299439029718
18.0207440406789
17.797047327505
17.6983576011048
17.625985135078
18.1589096576392
18.3694477406263
17.3693918464374
17.0338467766767
17.303598695504
16.9614743106499
17.2707021200372
17.4483436275576
17.3693918464374
16.4614463635555
16.3167014315019
17.3496539011574
17.1062192427035
16.8891018446231
16.9088397899031
17.8102059576917
17.9023163689986
18.1260130821724
18.2247028085726
17.8891577388119
18.4089236311864
18.6194617141735
19.2444966480415
19.1458069216413
20.3037663780704
19.9682213083097
20.0208558290565
19.9813799384964
19.4747726763087
18.9352688386542
18.7839445915072
19.3431863744417
20.0669110347099
20.0011178837765
19.9287454177496
19.7182073347625
19.6589934989224
20.2906077478837
20.257711172417
20.0669110347099
19.7247866498559
19.7379452800426
19.4221381555619
18.9484274688409
18.8234204820673
19.2576552782282
19.2839725386016
18.876055002814
18.9681654141209
19.5668830876155
19.4352967857486
20.8103736402582
21.1064428194588
21.4156706288462
21.0406496685254
21.7117398080468
21.6262087118333
21.2840843269792
20.711683913858
20.882746106285
20.5932562421777
21.5209396703397
21.5275189854331
21.810429534447
21.3827740533794
21.6262087118333
21.6788432325801
22.1986091249545
22.1986091249545
22.7973267984492
22.6657404965822
23.1855063889567
22.7315336475157
21.810429534447
22.4288851532217
22.3565126871949
22.2907195362614
22.0472848778075
22.2907195362614
22.3367747419148
21.9091192608472
21.4156706288462
21.0867048741788
20.8959047364717
21.0209117232453
20.3037663780704
20.6590493931112
20.3958767893773
21.2182911760457
21.2182911760457
21.7446363835136
21.3498774779127
20.9222219968451
20.5537803516177
20.4024561044707
20.2340634327599
19.7692996588384
19.6076426939961
19.9848422786281
20.0656707610492
19.9309566236807
20.7190343272868
20.847012757787
21.2174766355505
21.4869049102877
21.4330192553403
21.3454550660507
21.8236902537091
21.8910473223934
21.8573687880513
21.3858693072613
20.8133342234448
21.0288768432345
21.1972695149452
21.9247258567356
21.6350904613931
21.7698045987617
21.4869049102877
21.554261978972
21.6216190476563
21.0288768432345
21.4801692034193
21.884311615525
21.790011719367
21.554261978972
21.7698045987617
22.0931185284463
22.261511200157
22.6521821985259
22.497260940552
22.3827539237887
22.3423396825781
22.1335327696568
21.9247258567356
21.1366481531294
21.2848337042348
21.6552975819984
21.6822404094721
21.8977830292618
22.1470041833937
22.2278326658149
22.4568466993414
22.3221325619729
22.3894896306571
22.497260940552
23.1371530930527
23.1034745587106
23.3392242991056
23.3055457647635
23.4604670227373
23.0765317312369
22.7666892152892
22.9754961282104
23.5008812639479
23.4200527815267
23.5749740395006
23.166749380808
23.2415905682349
23.4388991532697
23.4661141305159
23.5817777838121
24.1192735844241
24.2485447263435
24.3710121239513
24.5955356862322
24.9017041802517
24.7656292940208
25.4187887479291
24.8336667371363
24.9697416233672
25.1738539527135
24.8336667371363
24.9697416233672
24.4594608000013
23.2960205227273
24.5343019874283
23.8403200676508
24.1873110275396
24.2893671922128
24.7656292940208
24.5274982431168
25.2282839072058
25.4528074694868
25.5820786114061
25.0717977880403
25.2623026287636
25.4323962365522
26.1263781563297
25.9903032700988
26.1944155994451
26.4325466503492
26.6366589796955
26.8407713090418
26.1603968778874
26.4665653719069
26.3985279287914
27.0720986156343
26.8135563317956
26.7387151443687
26.1263781563297
26.1263781563297
25.5752748670946
25.5752748670946
25.6909385203909
25.718153497637
25.7861909407525
25.8542283838679
25.7589759635063
25.0854052766634
24.8880966916286
23.9491799766355
24.7248068281516
24.9697416233672
25.0037603449249
25.0377790664826
24.9629378790556
25.3915737706829
25.1738539527135
25.5140411682907
25.2759101173867
25.1398352311558
25.0581902994172
24.7384143167747
24.6975918509054
24.2689559592781
24.3233859137705
24.867685458694
24.7520218053977
24.1192735844241
23.3572542215312
23.643011482616
23.0646932161348
23.2075718466772
23.5477590622544
23.2483943125465
23.3368429885966
23.2007681023657
23.1599456364964
21.9760941262877
21.4454020699873
21.5950844448412
21.9352716604185
22.2074214328802
22.6972910233114
22.9966557730193
23.3028242670388
23.6021890167468
23.3708617101543
23.5749740395006
23.2620018011696
23.091908193381
23.3912729430889
23.5477590622544
23.7654788802238
23.8947500221432
23.9151612550778
23.9491799766355
24.3642083796397
24.2893671922128
24.8336667371363
25.1738539527135
25.2078726742712
25.2146764185828
25.017367833548
25.3167325832559
25.2759101173867
25.1874614413366
24.6499656407246
24.6567693850361
24.3710121239513
24.554713220363
23.9491799766355
23.4729178748274
23.7450676472892
23.6770302041738
24.0784511185549
24.3233859137705
24.5002832658706
24.5479094760514
24.3574046353282
24.3642083796397
23.9695912095702
23.3980766874005
23.2620018011696
23.3028242670388
22.8605808867885
22.4183375065381
22.8265621652307
23.3368429885966
23.0374782388886
23.3325665809417
22.8590527297402
22.028687860242
22.2277009281383
22.660039661844
22.5090642310261
21.6169366852842
20.8895096095255
20.731671659125
20.4571708758198
20.415995758324
20.6904965416292
20.3267830037498
20.5189335520634
20.5875587478897
20.6493214241334
20.4846209541503
20.0522822204446
19.5924934084084
18.8238912151538
18.9268290088933
18.7541389631917
18.3396828535079
18.6850629449111
19.2100406838439
19.4794371551384
20.4465014110672
19.7902792374012
20.101121319664
20.204735347085
20.3912405964427
20.4879470220356
20.4119634019269
20.6537294659091
20.4603166147233
20.0665833105237
20.0320453013834
20.4810394202075
20.3912405964427
20.3705177909585
20.3083493745059
20.1080289214921
19.6866652099803
18.9889974253459
19.2791167021245
18.9406442125494
18.5330957046937
18.5538185101779
18.2706068352273
18.4916500937253
18.3327752516799
18.6850629449111
18.9268290088933
19.0511658417984
18.8093997778162
18.8577529906127
18.8577529906127
18.7265085558795
18.5400033065218
18.6159869266304
19.0995190545949
18.9959050271739
19.327469914921
19.1962254801878
19.2722091002965
19.327469914921
19.2031330820158
19.1616874710475
19.2376710911561
19.6452195990119
20.0873061160079
20.2669037635376
20.3290721799901
20.094213717836
19.9146160703063
19.6244967935277
18.9959050271739
19.0166278326581
19.1064266564229
19.0718886472826
19.548513173419
19.1202418600791
18.4985576955534
18.4985576955534
18.4156664736166
18.0564711785573
18.0150255675889
17.7525366981225
18.346590455336
17.579846652421
18.0012103639328
18.671247741255
19.0649810454546
19.8938932648222
20.094213717836
19.2238558875
19.0649810454546
19.0097202308301
19.548513173419
18.5469109083498
18.2706068352273
18.2084384187747
18.2636992333992
18.7196009540514
18.2015308169467
17.9459495493083
18.5123728992095
18.1669928078063
18.3051448443676
18.4432968809289
18.9959050271739
18.8508453887846
18.9959050271739
18.9130138052372
18.6367097321146
17.8630583273716
17.476232625
17.9597647529644
17.8561507255435
17.7594442999506
18.2636992333992
18.1600852059783
18.236068826087
17.4624174213439
17.2620969683301
16.6887660166008
16.7233040257411
16.9719776915514
17.8561507255435
18.0910091876976
18.1393624004941
17.8561507255435
18.2982372425395
18.6505249357708
18.9959050271739
18.8232149814724
19.0166278326581
18.7334161577075
18.7403237595356
18.457112084585
17.8561507255435
17.5453086432806
17.579846652421
17.8906887346838
17.7525366981225
17.3104501811265
17.0272385061759
17.4347870140316
17.1653905427372
16.9927004970356
17.0617765153162
16.9857928952075
17.4486022176878
17.5453086432806
17.7525366981225
17.8630583273716
17.5107706341403
17.2690045701581
17.5453086432806
17.7525366981225
17.8975963365119
17.8423355218874
17.5245858377965
17.5107706341403
17.9183191419961
17.6627378743577
17.800889910919
17.9123195817229
17.9332126449986
18.1421432777558
18.5669688976956
18.7828638848781
19.0057232264859
18.8037569481539
18.7341134039014
18.9569727455092
18.8803648468315
18.6157193786723
18.7898282393034
18.9082222645325
19.4305488464257
19.0196519353364
19.1867964415422
19.1171528972898
19.3051904667713
19.0126875809111
18.9917945176354
18.8385787202801
18.8037569481539
18.6853629229247
18.7132203406257
18.5739332521209
18.866436137981
19.2494756313694
19.3609053021732
19.5210854539538
19.2355469225189
18.9569727455092
18.7758995304529
18.232679885284
18.2953590751112
18.3858956826393
18.6296480875228
18.7828638848781
19.0196519353364
18.9778658087849
19.0614380618878
19.0823311251636
19.3400122388975
19.9946615548703
19.757873504412
19.9180536561926
19.9041249473421
19.7021586690101
20.1269842889499
20.1687704155013
20.2523426686042
19.8832318840664
19.583764643781
19.6185864159072
19.6951943145849
19.528049808379
19.3469765933228
19.55590722608
19.4305488464257
19.5907289982062
19.7862870773327
19.9888293735708
19.8561292484493
20.0027978077942
19.800255511556
19.800255511556
19.8142239457793
19.9120029853426
20.0726399789108
19.9818451564592
19.8142239457793
19.6745396035461
19.5558079126479
19.5627921297596
19.1996128399533
18.6129386025738
18.2637277469908
18.1449960560926
18.5291279972339
17.8027694176213
17.9703906283011
18.3615067865541
18.2846803983258
18.2986488325491
17.9773748454128
17.7748325491746
17.9572104679902
18.0483994273979
17.8519924379043
17.7608034784965
17.1645679746765
16.982190055861
17.2557569340843
17.3118732167968
16.8418993490798
16.898990533314
16.7848081648457
17.0845368820751
17.4128111914215
17.1987192505434
16.8704449411969
17.1202188722214
16.8418993490798
17.0203092998116
17.055991289958
17.2700832308361
17.3343108130995
17.1844464544848
17.1915828525141
17.1273552702507
17.0916732801043
16.9703545136067
16.556443427909
16.4137154673236
16.556443427909
16.9132633293725
16.9275361254311
16.6492166022895
16.8418993490798
16.6278074082017
16.6206710101724
16.5849890200261
16.4850794476163
16.5849890200261
16.5992618160846
16.320942292943
16.4708066515577
16.7348533786408
16.6848985924359
16.9275361254311
16.9489453195189
16.9846273096653
16.8133537569627
16.7776717668164
16.8633085431676
16.7277169806115
16.5207614377626
16.4993522436748
16.6920349904651
16.3780334771772
16.4065790692943
16.2424419146211
16.1639415362991
15.9712587895088
16.4137154673236
16.3923062732358
16.7705353687871
16.8847177372555
16.8347629510506
16.7705353687871
16.7705353687871
16.7705353687871
16.5350342338212
15.9898443848969
14.8133820793235
14.4762251990677
13.3786719505755
13.7373494827625
14.1534154200994
14.4977458509989
14.5623078067926
15.0572828012107
14.8922911364047
14.9712001934858
14.5623078067926
14.1318947681682
14.0960270149495
14.4618780977803
14.5120929522864
14.246671578468
14.275365781043
14.6986052690237
14.7416465728861
14.9209853389796
15.0931505544294
14.6125226612988
14.3686219394116
14.6842581677362
14.8205556299673
14.4547045471365
14.5910020093676
14.5766549080801
14.7201259209549
14.7416465728861
14.8133820793235
14.9209853389796
14.7775143261048
14.7775143261048
13.9884237552934
13.7445230334062
14.1892831733181
14.0242915085121
13.8808204956373
13.916688248856
13.7014817295438
13.2065067351257
13.3069364441381
13.0630357222509
13.5221429634503
13.1275976780446
13.5651842673127
13.7445230334062
13.9095146982123
14.0888534643058
13.8449527424186
13.9525560020747
13.7947378879124
13.5006223115191
13.8234320904874
14.1892831733181
14.2968864329742
14.4044896926303
15.021415047992
15.4805222891914
15.2940099724541
15.1577125102231
15.7244230110785
15.8535469226658
16.2696128600028
16.0759269926218
15.3944396814665
15.4303074346852
15.7531172136535
15.7963554127761
15.9332763766642
15.508100751959
15.6738471819288
15.7098790145309
15.6234026162858
15.5441325845611
15.6161962497654
15.1405760594172
15.4936880189181
15.4288307202343
15.8900381775416
16.2287374040017
16.2359437705221
16.5530238974209
16.8052467256358
16.7836276260746
16.2287374040017
16.589055730023
16.1566737387974
16.1566737387974
15.7242917475718
15.5008943854385
15.3495606885096
15.2198460911419
15.9260700101437
15.7963554127761
15.9621018427459
16.0125464083889
15.9765145757867
15.998133675348
15.4432434532751
15.4864816523977
15.6594344488879
16.149467372277
16.2647692366038
16.0774037070727
16.0918164401136
16.3080074357264
16.5025793317779
16.5097856982983
16.6322939291456
16.6106748295843
17.0430568208099
17.1511523186163
17.5619152102807
17.4466133459538
17.4538197124743
18.1095990658331
18.3041709618847
17.9582653689042
17.7781062058935
17.7060425406892
17.7060425406892
17.9798844684654
17.6772170746075
17.7348680067709
17.9150271697816
18.4482982922932
18.3257900614459
18.3762346270889
16.9349613230035
17.5547088437603
16.7259766939111
16.6467066621864
17.2088032507798
17.331311481627
17.2160096173002
17.2376287168615
17.6411852420054
17.5475024772398
17.533089744199
17.5186770111581
17.9294399028224
18.2321072966804
17.7204552737301
17.1151204860142
17.280866915984
17.3601369477087
17.0862950199325
16.8845167573605
17.6051534094032
17.8934080702203
17.4538197124743
17.5475024772398
17.6628043415666
17.8540716938702
17.7363687078372
17.5083191723984
17.4347548061278
17.8099330741078
17.5083191723984
17.206705270689
17.1552102142996
17.1772795241808
17.0890022846561
16.5887645940162
16.0076061004786
16.184160579528
15.8825466778186
15.5882892127363
15.7059921987692
16.191517016155
15.941398170835
15.8236951848021
15.8751902411915
16.0076061004786
15.7795565650398
15.7869130016668
15.6544971423798
15.6250713958715
15.5441505929739
15.6250713958715
15.3970218604327
15.6618535790068
16.184160579528
15.7427743819045
15.0659822122151
15.1395465784857
14.9041406064198
14.8305762401493
14.6540217610999
14.3671207326446
14.2315818578083
13.9228544206813
14.5252494199536
13.8776747957358
14.3595907951537
15.3610724814439
14.8415067945715
14.4800697950082
14.0809831079903
14.0358034830448
14.1487525454084
14.1939321703538
13.8174352958086
14.4047704200991
14.1562824828993
14.3897105451173
14.1562824828993
14.3746506701355
14.2165219828265
13.8475550457722
14.0056837330812
14.2315818578083
13.6818964209723
13.9680340456267
14.2315818578083
14.7963271696261
14.9845756068987
14.5101895449718
14.7210277947171
13.4032887338089
13.553887483627
13.2828097339544
13.3279893588999
13.7421359208996
13.8249652332995
14.2993512952265
14.2692315452628
14.7586774821716
14.4574799825354
13.8475550457722
13.9605041081358
13.9906238580994
14.7210277947171
14.570429044899
14.49512966999
14.5553691699172
14.7737373571534
14.4424201075536
14.2767614827538
14.1487525454084
14.3068812327174
14.5026596074809
15.1878839191531
15.2933030440258
14.6833781072626
14.9243361069715
14.7586774821716
15.0146953568623
14.9996354818805
15.2481234190804
15.9484076057344
15.8128687308981
15.8655782933345
15.8354585433709
15.6923897310437
15.8505184183527
16.1592458554797
16.2270152928979
16.2496051053706
15.9935872306798
16.1818356679524
16.0237069806435
15.9860572931889
16.0914764180616
16.0688866055889
15.9709974182071
15.8429884808618
15.6246202936255
15.5719107311892
15.3836622939166
15.5041412937711
15.8128687308981
15.9860572931889
16.3550242302432
16.5583325424976
17.2435568541699
17.544754353806
17.5071046663515
17.469454978897
17.0703682918791
17.2661466666426
17.0929581043518
17.2887364791153
17.1230778543154
17.1456676667881
17.1004880418427
16.844470167152
16.9498892920246
17.0929581043518
16.8218803546793
16.8670599796247
16.7541109172611
16.8745899171156
16.7315211047884
16.6562217298794
16.9423593545337
17.1682574792608
17.1682574792608
17.0327186044246
16.9423593545337
16.7541109172611
16.6035121674431
16.3173745427887
16.2194853554069
16.3776140427159
16.6411618548976
16.0764165430798
16.211955417916
15.6622699810801
15.6999196685346
15.9935872306798
16.3249044802796
15.9484076057344
15.5192011687529
15.6472101060983
15.3911922314075
15.4137820438802
14.9092762319897
14.3294710451901
14.4047704200991
14.020743608063
14.0433334205357
14.4348901700627
14.1713423578811
13.9379142956631
14.0433334205357
14.4198302950809
14.0508633580266
14.3068812327174
14.1713423578811
14.2617016077719
14.0809831079903
14.3671207326446
14.7360876696989
15.0523450443169
14.9469259194442
14.7360876696989
15.2180036691167
14.9996354818805
15.1878839191531
15.7601591684618
15.8505184183527
15.5794406686801
15.1050546067532
14.6156086698444
14.6984379822444
14.8264469195897
15.3610724814439
15.4213119813711
15.120114481735
14.6833781072626
14.8189169820988
14.9318660444624
14.9695157319169
14.9469259194442
14.9243361069715
14.9393959819533
14.8415067945715
14.7436176071898
14.6005487948626
14.7436176071898
14.7210277947171
14.7662074196625
14.5854889198808
14.3897105451173
13.7044862334451
13.6141269835542
13.9002646082086
13.553887483627
13.6141269835542
13.2526899839908
13.1773906090818
13.3581091088635
13.4032887338089
13.3053995464272
13.2752797964635
13.4785881087179
13.629186858536
13.2677498589726
13.0418517342455
12.9138427969001
12.7632440470821
12.6051153597731
12.6578249222094
12.5072261723913
12.7255943596276
12.4243968599914
12.4695764849368
13.5915371710815
14.2692315452628
13.8324951707904
14.254171670281
14.1111028579539
14.1261627329357
14.5930188573717
14.3746506701355
14.4574799825354
14.3821806076264
14.1939321703538
13.9529741706449
14.0282735455539
14.0282735455539
13.9981537955903
13.8701448582449
13.8174352958086
13.5840072335906
13.3279893588999
13.553887483627
13.3430492338817
13.4032887338089
13.1096211716637
13.6668365459905
13.8701448582449
13.5463575461361
13.5237677336634
12.9740822968274
13.3279893588999
12.928902671882
13.4183486087907
13.9153244831904
14.1336926704266
14.4424201075536
14.645728419808
14.4574799825354
14.5252494199536
15.3234227939894
15.6665426937021
15.7913135663249
15.5963590778518
15.8692953617142
16.0798462092652
15.8225062844806
15.783515386786
15.5573681801572
15.1206701259773
15.2454409986001
15.261037357678
15.4014045893787
15.5573681801572
15.7523226686303
15.783515386786
15.5339736415404
15.4871845643068
15.6353499755464
15.5495700006182
15.6509463346243
15.4793863847679
15.6353499755464
15.8225062844806
15.6509463346243
15.1440646645941
15.1752573827498
14.6917702513364
14.7229629694921
14.4500266856297
14.1303013245337
14.6605775331807
14.0835122473002
14.106906785917
13.9041541179049
13.4128688069525
13.2725015752519
12.835803521072
12.4069036464311
12.4770872622814
12.5940599553653
12.7734180847606
12.6174544939821
12.6018581349043
12.001398310407
12.3991054668922
12.4458945441257
11.8142420014727
11.681672949311
11.8610310787063
12.3211236715029
12.0325910285627
12.1183710034908
12.2821327738083
12.523876339515
12.5550690576707
12.3835091078143
12.7110326484492
12.7968126233774
12.7812162642996
13.1321343435512
13.2179143184794
13.0073634709284
12.835803521072
12.7032344689103
13.2101161389405
13.1087398049344
12.9839689323116
12.6954362893714
12.6720417507546
12.9839689323116
13.3192906524854
12.8903907778445
12.7656199052217
13.2179143184794
13.9041541179049
13.8651632202103
13.9041541179049
13.3582815501801
13.5220433204975
14.2394758380787
14.4656230447075
14.1848885813062
13.6078232954257
13.3816760887968
13.1789234207848
13.1009416253955
13.2101161389405
13.0853452663177
13.1399325230901
13.678006911276
13.8495668611324
14.1692922222284
14.3018612743901
14.2316776585398
13.9197504769827
14.1380995040727
14.3876412493183
14.4500266856297
14.7385593285699
14.941311996582
14.7697520467257
14.9101192784263
14.6371829945639
14.6605775331807
14.4968157628632
14.4266321470129
14.317457633468
14.5592011991747
14.6449811741028
14.4578248651686
14.5592011991747
14.52021030148
14.2784667357733
14.0913104268391
14.1536958631505
14.1147049654559
14.2472740176176
14.3642467107015
14.309659453929
14.2004849403841
13.9821359132941
14.7229629694921
14.4656230447075
14.2940630948512
14.2238794790008
14.418833967474
15.5105791029236
15.362413691684
15.5573681801572
15.9316807980256
15.4871845643068
15.7679190277082
15.7913135663249
15.9160844389478
15.5963590778518
15.3156246144505
15.6665426937021
15.2454409986001
15.5495700006182
15.9472771571035
16.7192969314571
16.4619570066726
16.2981952363551
16.1188371069598
15.8770935412531
14.8789265602706
14.7931465853424
14.5514030196357
14.9101192784263
13.5376396795754
13.6546123726593
13.5688323977311
13.7481905271264
13.4362633455693
13.4518597046472
13.4908506023418
13.0853452663177
13.1477307026291
13.2802997547908
13.5220433204975
13.1009416253955
13.1321343435512
13.4518597046472
13.1867216003237
13.3036942934076
13.1945197798626
13.2023179594015
13.3192906524854
13.0619507277009
12.8046108029163
12.9605743936948
12.6018581349043
12.625252673521
12.2431418761137
12.4536927236647
12.2977291328861
12.2431418761137
12.5082799804371
12.1573619011855
12.0949764648741
11.8376365400895
11.9624074127123
12.3523163896586
12.0637837467184
11.7752511037781
11.783049283317
11.7362602060835
11.5413057176103
11.4633239222211
11.4633239222211
10.8004786614124
10.9876349703466
10.7848823023345
11.0812131248137
11.2683694337479
11.3931403063707
11.6660765902331
11.6660765902331
11.3931403063707
11.369745767754
11.2527730746701
11.0032313294244
11.0734149452748
11.0422222271191
11.0344240475802
11.3073603314426
11.0578185861969
10.6679096092506
10.948644072652
10.5977259934003
10.3637806072325
10.4729551207775
10.3871751458493
10.1454315801426
10.2234133755319
10.3871751458493
10.2234133755319
9.9660734507473
9.80231168042985
10.1142388619869
10.4027715049272
10.9096531749573
10.9330477135741
11.2293785360533
11.2917639723647
11.2293785360533
12.1417655421076
12.211949157958
12.3055273124251
12.3289218510418
12.9137853164613
12.8056853749842
12.8389468954387
13.6871156670285
13.2962928016881
13.1798774800973
13.0385160181657
13.4626004039606
13.2464005210063
12.7391623340751
13.1216698193019
13.6205926261195
13.2713466613472
13.3295543221426
13.4127081232789
13.3295543221426
13.7702694681648
13.8783694096419
13.7785848482784
14.6350689999819
14.610122859641
15.167253327254
15.4499762511172
14.8678996431634
14.6932766607773
14.9926303448678
14.9344226840724
15.2088302278221
14.9926303448678
15.0092611050951
14.9177919238452
14.3856075965731
14.5186536783911
14.67664590055
14.7182228011181
14.8512688829362
14.543599818732
14.7182228011181
14.3856075965731
13.8783694096419
13.8035309886193
14.0529923920281
13.8035309886193
13.5707003454378
14.7015920408909
15.0258918653223
15.2504071283902
15.699437654526
15.7909068357759
15.5830223329353
15.233776368163
15.7992222158895
15.5497608124808
15.2171456079357
14.6683305204364
14.3772922164595
14.4022383568004
14.3024537954368
14.3772922164595
14.2941384153232
14.2359307545278
14.5519151988456
14.5519151988456
14.3689768363459
14.410553736914
15.0591533857768
15.2005148477085
15.8823760170258
16.0154220988438
16.0569989994119
16.2648835022526
17.0631599931607
17.3791444374785
17.5038751391829
16.8469601102064
16.8885370107746
17.0382138528198
16.7554909289565
16.3147757829344
16.5060295255478
15.8823760170258
15.8075375960032
16.1734143210027
16.3812988238434
16.8885370107746
16.7554909289565
16.0569989994119
16.7471755488429
16.3563526835025
15.5414454323671
15.4666070113445
16.6806525079339
16.9633754317972
17.3874598175921
17.7616519227053
17.7117596420235
17.3957751977057
18.3270977704319
18.1607901681593
18.9923281795219
18.9590666590674
19.4164125653169
19.8155508107709
20.4225735590656
19.9153353721344
18.9507512789538
18.9756974192947
18.0443748465686
17.8614364840688
17.4207213380466
17.6369212210009
16.7471755488429
17.0881061335016
17.9196441448642
18.3936208113409
17.7034442619099
17.3874598175921
17.1213676539561
16.7388601687293
16.8220139698655
16.4977141454341
17.412405957933
15.4666070113445
15.0425226255496
14.210984614187
14.3856075965731
15.2587225085038
16.9550600516836
17.6369212210009
17.3375675369104
17.6286058408873
16.6473909874794
18.4019361914545
18.0027979460004
16.7554909289565
15.5081839119126
15.8740606369122
14.9011611636179
13.8700540295283
13.8118463687329
12.8140007550978
13.5540695852105
11.8826781823717
12.49801631078
11.6581629193038
11.9076243227125
12.7059008136206
12.3483394687347
12.3233933283938
11.9741473636215
11.6914244397583
11.8660474221444
11.6249013988493
11.6415321590765
11.7330013403264
11.3089169545315
10.9763017499864
10.4773789431689
10.3526482414645
10.6270557852141
11.8909935624853
11.8161551414627
11.7662628607809
11.7246859602128
11.1758708727134
10.6436865454414
10.2445482999873
10.0865560778284
10.585478884646
10.1697098789647
10.1946560193056
9.56268713066998
9.44627180907922
9.00555666305703
8.99724128294341
8.40684929487596
7.63351894430873
7.79982654658125
8.03265718976278
7.86634958749026
8.17401865169443
8.5814722772621
9.1219719846478
8.56484151703485
8.5482107568076
8.33201087385332
7.783195786354
7.15954227783205
6.92671163465052
7.2094345585138
7.63351894430873
7.81645730680851
7.40900368124083
7.48384210226346
7.26764221930919
7.76656502612675
7.84971882726301
7.64183432442236
7.7499342658995
8.1657032715808
8.52326461646672
8.31538011362607
8.24054169260344
8.45674157555771
7.50878824260434
7.27595759942281
6.80198093294613
7.20111917840018
8.31538011362607
8.33201087385332
8.14907251135355
7.58362666362698
7.71667274544499
7.41731906135446
7.50878824260434
7.89961110794477
8.30706473351244
8.41516467498958
8.10749561078542
8.04097256987641
7.89129572783114
8.19896479203531
7.79982654658125
7.70835736533137
7.95781876874015
7.81645730680851
7.98276490908103
7.65846508464961
7.71667274544499
7.68341122499049
7.40900368124083
7.10964999715029
7.30921911987732
7.06807309658216
6.90176549430964
7.03481157612766
7.39237292101358
7.70835736533137
7.4006883011272
7.77488040624038
7.77488040624038
7.80814192669488
8.18233403180805
7.77488040624038
7.79982654658125
8.08254947044454
8.09086485055817
8.49000309601222
8.91408748180715
8.88914134146627
9.05544894373879
8.81430292044363
9.61257941135174
9.82877929430602
10.2029713994192
10.385909761919
11.0844016914636
10.7517864869185
10.8183095278275
10.8848325687365
10.9097787090774
10.7434711068049
11.0261940306682
10.4607481829416
10.6270557852141
10.6603173056686
10.851571048282
11.475224556804
11.9575166033943
11.342178474986
11.3920707556677
11.2423939136225
11.408701515895
11.4669091766904
11.6165860187356
11.5500629778266
11.6914244397583
11.4585937965767
10.7351557266913
10.718524966464
11.1841862528271
10.8765171886229
10.6436865454414
10.3027559607827
10.4358020426007
10.5355866039642
10.2528636801009
10.2861252005555
10.6769480658959
10.6686326857822
10.4441174227143
10.452432802828
10.785048007373
10.851571048282
10.851571048282
10.8266249079411
10.8016787676003
11.1010324516908
10.9679863698728
11.1758708727134
10.9513556096455
10.9763017499864
10.785048007373
10.9763017499864
10.4773789431689
10.9846171301
10.6021096448732
10.5688481244187
10.1281329783966
10.2279175397601
9.75394087328338
9.54605637044273
9.79551777385151
9.60426403123811
9.80383315396514
9.82877929430602
9.97845613635128
9.81214853407876
9.91193309544228
9.47953332953372
8.97229514260253
8.95566438237528
8.61473379771661
8.45674157555771
8.34864163408057
7.90792648805839
8.29043397328519
8.91408748180715
8.7062029789665
8.73114911930737
8.33201087385332
8.46505695567134
8.3236954937397
8.5814722772621
8.05760333010366
8.27380321305794
8.17401865169443
8.21559555226256
7.90792648805839
7.73330350567225
7.58362666362698
7.48384210226346
7.30921911987732
7.25932683919556
6.90176549430964
6.45273496817383
6.5691502897646
6.74377327215074
7.39237292101358
7.48384210226346
7.64183432442236
7.14291151760479
7.33416526021819
7.28427297953644
7.07638847669579
7.18448841817293
6.97660391533227
6.62735795055998
6.36958116703757
6.41947344771933
6.36126578692394
6.76871941249162
6.53588876931009
6.31968888635581
6.07022748294703
5.79581993919737
5.67108923749298
5.78750455908375
5.67108923749298
5.35510479317519
5.47983549487958
6.02033520226528
5.8373968397655
6.46105034828746
6.50262724885559
6.81029631305975
7.04312695624128
7.27595759942281
7.31753449999094
6.760404032378
6.61904257044635
6.65230409090086
6.61072719033273
6.61072719033273
6.69388099146899
6.44441958806021
6.66893485112811
6.64398871078723
6.52757338919647
6.31968888635581
6.40284268749208
6.32800426646944
6.4111580676057
7.05144233635491
6.71882713180986
6.74377327215074
6.50262724885559
6.35295040681032
6.32800426646944
6.41947344771933
6.30305812612856
6.04528134260615
6.40284268749208
6.45273496817383
6.50262724885559
6.51925800908284
6.71882713180986
7.06807309658216
6.5691502897646
6.58578104999185
6.31968888635581
6.3778965471512
6.22821970510593
6.2531658454468
6.6356733306736
6.2531658454468
5.97875830169714
5.92886602101539
6.36126578692394
6.19495818465142
6.0286505823789
5.9953890619244
6.17001204431054
6.06191210283341
5.98707368181077
5.8373968397655
5.52141239544771
5.6461430971521
5.76255841874287
5.57130467612947
5.56298929601584
5.57130467612947
5.71266613806111
5.55467391590222
5.32184327272068
5.20542795112992
5.21374333124354
5.06406648919828
4.59840520283522
4.38220531988094
4.73145128465323
4.29905151874468
3.99138245454051
3.87496713294975
3.68371339033635
3.74192105113173
3.6670826301091
3.49245964772295
3.80012871192711
3.82507485226799
4.02464397499502
3.92485941363151
3.57561344885921
3.73360567101811
3.93317479374513
3.77518257158624
3.58392882897284
3.51740578806383
3.7003441505636
3.75855181135898
3.69202877044997
3.891597893177
3.81675947215437
3.70865953067723
4.19095157726754
4.09116701590403
4.0495901153359
4.06622087556315
4.0495901153359
4.2741053784038
4.41546684033544
4.69818976419873
5.46320473465233
6.00370444203802
6.12843514374241
6.21158894487867
6.31968888635581
6.61072719033273
6.72714251192349
6.15338128408329
5.49646625510683
6.01201982215165
6.73545789203712
6.75208865226437
6.70219637158261
6.74377327215074
6.46936572840108
6.49431186874196
7.0181808159004
7.05975771646853
7.0181808159004
6.94334239487777
6.95165777499139
6.30305812612856
6.51094262896921
6.30305812612856
6.40284268749208
6.86850397385513
6.97660391533227
7.50878824260434
7.90792648805839
7.61688818408148
8.05760333010366
7.68341122499049
7.99939566930828
7.88298034771752
8.10749561078542
7.75824964601312
8.04097256987641
8.52326461646672
8.50663385623947
8.50663385623947
8.45674157555771
8.1324417511263
8.24885707271706
8.15738789146718
8.38190315453508
7.88298034771752
8.49000309601222
8.52326461646672
8.14075713123992
7.86634958749026
8.10749561078542
7.89961110794477
7.7499342658995
7.45058058180896
7.4006883011272
7.06807309658216
7.09301923692304
7.2094345585138
6.84355783351426
6.96828853521865
6.68556561135536
6.80198093294613
6.9849192954459
7.12628075737754
7.03481157612766
7.16785765794567
7.80814192669488
7.63351894430873
7.30090373976369
7.16785765794567
6.90176549430964
7.07638847669579
7.06807309658216
7.44226520169533
7.63351894430873
7.92455724828564
7.76656502612675
8.04097256987641
7.69172660510412
7.30090373976369
7.65014970453598
7.89961110794477
7.83308806703576
8.1657032715808
8.20728017214893
7.72498812555862
7.89961110794477
7.94950338862652
8.18233403180805
8.61473379771661
8.85587982101177
8.83924906078451
9.08871046419329
9.16354888521593
9.60426403123811
9.79551777385151
9.82877929430602
9.85372543464689
9.92856385566953
10.0034022766922
9.87867157498777
9.57100251078361
9.51279484998822
9.87035619487414
9.35480262782933
9.44627180907922
9.89530233521502
9.98677151646491
9.68741783237437
9.90361771532865
9.87867157498777
9.61257941135174
10.0616099374875
9.97845613635128
10.2362329198737
10.385909761919
10.6104250249869
10.7102095863504
10.6353711653277
10.2694944403282
10.5355866039642
10.3110713408963
10.4191712823735
10.4358020426007
10.7018942062368
10.8848325687365
10.6852634460095
10.8099941477139
11.2839708141906
11.5001706971449
11.6249013988493
11.8244705215763
11.2340785335088
11.5999552585084
10.8183095278275
10.9014633289638
11.2340785335088
10.9430402295319
10.851571048282
11.2257631533952
11.3588092352132
11.6415321590765
11.3837553755541
11.1426093522589
10.9097787090774
11.5168014573721
11.1675554925998
11.2839708141906
11.6165860187356
11.6581629193038
12.1238242056668
12.5562239715754
12.6892700533934
13.0800929187338
12.7973699948705
13.1050390590747
13.520808064756
14.0529923920281
14.4853921579366
14.6516997602091
14.7514843215727
14.9261073039588
15.1339918067995
14.9676842045269
15.0508380056632
15.0425226255496
15.0425226255496
14.7099074210045
14.0197308715736
13.4127081232789
13.2962928016881
14.3107691755505
14.1694077136188
13.8451078891874
12.8888391761204
11.6498475391901
11.6415321590765
12.2568702874848
11.8826781823717
12.0739319249851
12.9553622170294
13.2464005210063
13.1798774800973
12.9553622170294
12.7225315738479
12.8555776556659
12.1903472465758
13.3046081818017
12.8389468954387
13.1632467198701
13.0218852579384
13.4293388835061
13.188192860211
13.0551467783929
12.9553622170294
12.9719929772567
12.8472622755523
12.2568702874848
12.3483394687347
12.2735010477121
11.940885843167
11.9325704630534
11.9242550829398
11.6498475391901
11.8411012818035
11.9907781238488
11.9824627437352
12.2901318079393
12.364970228962
12.1903472465758
12.8888391761204
12.8888391761204
13.0967236789611
13.0218852579384
12.7474777141888
12.8722084158932
13.0218852579384
13.2214543806655
13.0385160181657
13.0967236789611
13.1549313397564
13.1299851994156
13.1133544391883
13.3046081818017
13.2962928016881
13.3378697022562
13.1383005795292
12.9886237374839
12.3400240886211
12.4897009306664
12.4897009306664
12.3816009891892
12.7557930943024
12.4398086499846
12.2236087670303
12.5562239715754
12.5146470710072
12.9553622170294
12.9886237374839
13.1549313397564
13.1715620999837
13.188192860211
12.9803083573703
13.2380851408927
13.3794466028244
13.0551467783929
12.9387314568022
12.6227470124844
12.9054699363477
12.564539351689
12.7391623340751
12.5562239715754
12.6227470124844
12.0988780653259
12.0573011647578
11.8993089425989
11.9492012232807
11.3006015744178
11.807839761349
11.4003861357813
10.9430402295319
11.3089169545315
10.8099941477139
11.3588092352132
11.2839708141906
11.2091323931679
11.4502784164631
11.5999552585084
12.0157242641897
12.0157242641897
12.0489857846442
12.1986626266895
12.3483394687347
12.1155088255532
12.0822473050987
12.2236087670303
12.4231778897573
12.2069780068031
12.1820318664622
11.7080551999855
11.874362802258
11.7246859602128
11.3089169545315
11.541747597713
11.6664782994174
11.9242550829398
11.6415321590765
11.4170168960086
11.6165860187356
11.6332167789629
11.7745782408945
11.3089169545315
11.8161551414627
11.7080551999855
11.7579474806673
12.2485549073712
12.3233933283938
12.8472622755523
13.0385160181657
13.0551467783929
12.9803083573703
10.9347248494183
11.3255477147587
11.1426093522589
11.2174477732816
11.5916398783947
11.4253322761222
11.3754399954405
11.2839708141906
11.1093478318044
10.7767326272594
10.6603173056686
10.851571048282
10.9596709897592
10.9596709897592
10.7018942062368
10.6769480658959
10.6852634460095
10.7268403465776
10.7601018670321
10.4940097033961
10.2112867795328
10.2196021596464
9.86204081476052
9.67910245226075
10.0117176568058
9.9202484755559
10.2029713994192
10.1530791187374
10.0449791772603
10.1281329783966
10.2861252005555
10.2778098204418
10.3360174812372
10.1530791187374
10.1198175982829
9.9202484755559
9.96182537612403
10.2528636801009
10.7601018670321
10.7018942062368
10.851571048282
10.718524966464
10.7601018670321
11.0012478903273
10.8931479488502
10.5522173641915
10.7102095863504
10.9929325102137
10.7933633874866
10.8099941477139
10.918094089191
11.0511401710091
10.9097787090774
11.2340785335088
11.0677709312363
11.1426093522589
11.2673400539633
11.2174477732816
11.2423939136225
10.9679863698728
10.7684172471458
10.8765171886229
10.9347248494183
10.918094089191
10.851571048282
11.3089169545315
11.0927170715772
11.4669091766904
11.4419630363495
11.475224556804
11.541747597713
11.5334322175994
11.5168014573721
11.1841862528271
11.3504938550996
11.6581629193038
11.7828936210081
11.9824627437352
12.4897009306664
12.2319241471439
12.4647547903255
12.364970228962
12.49801631078
12.5063316908936
12.5063316908936
12.5063316908936
12.5894854920299
13.1965082403246
13.0302006380521
13.0468313982793
13.1715620999837
12.9387314568022
12.7308469539615
12.7557930943024
12.7225315738479
12.8056853749842
13.2879774215745
13.0218852579384
13.2214543806655
13.0468313982793
13.2131390005518
13.4626004039606
13.3711312227107
13.3711312227107
13.4043927431652
13.4127081232789
13.4376542636197
13.4293388835061
13.4875465443015
13.4709157840742
13.7286925675966
13.9033155499828
13.9116309300964
14.1610923335052
13.9532078306646
13.9448924505509
14.0529923920281
14.0862539124826
14.4937075380502
13.720377187483
14.0945692925962
13.9033155499828
13.9033155499828
13.8367925090738
12.764108474416
13.1466159596428
13.321238942029
13.2214543806655
13.3960773630516
13.4626004039606
13.387761982938
13.1965082403246
13.1715620999837
12.7474777141888
12.7890546147569
12.9803083573703
12.8722084158932
12.7308469539615
12.9054699363477
12.6892700533934
12.764108474416
12.7890546147569
12.8805237960068
12.6227470124844
12.4813855505527
12.431493269871
12.6560085329389
12.5894854920299
12.6726392931661
13.188192860211
13.0967236789611
13.2796620414608
13.3461850823698
13.387761982938
13.7619540880512
13.8866847897555
13.9116309300964
13.9947847312327
14.1610923335052
14.1610923335052
13.9698385908918
14.344030696005
14.3856075965731
14.4271844971412
14.67664590055
15.2670378886175
15.1506225670267
15.1838840874812
15.3585070698674
15.2088302278221
16.0819451397528
16.5725525664568
16.5060295255478
16.2066758414572
16.3812988238434
17.0631599931607
16.6058140869113
15.832483736344
16.6224448471385
16.1650989408891
15.8407991164577
15.6079684732761
16.0071067187302
16.1318374204346
16.1484681806618
16.6723371278203
16.9966369522517
16.8386447300928
17.2460983556605
17.5620827999783
17.8946980045233
17.8780672442961
17.8448057238416
17.4872443789556
17.8863826244097
18.3936208113409
18.2106824488411
18.0194287062277
18.0443748465686
18.6181360744088
18.568243793727
18.3853054312272
18.6098206942951
17.7200750221372
17.8198595835007
17.4040905778194
17.5953443204328
18.3354131505455
18.0610056067958
18.0859517471367
18.3187823903182
17.8281749636143
17.6286058408873
17.8032288232734
17.3791444374785
17.2211522153196
16.9467446715699
17.5870289403191
17.6951288817963
17.0714753732743
17.7949134431598
18.1275286477048
18.0277440863413
17.6286058408873
17.146313794297
17.4872443789556
18.1275286477048
18.4601438522499
18.5931899340679
18.6929744954314
18.6264514545224
18.0693209869095
18.8177051971358
18.8842282380448
19.1004281209991
18.7927590567949
18.6680283550905
18.5183515130453
18.8343359573631
19.0505358403173
20.6055119215654
21.4121037925871
21.1543270090647
21.8195574181548
22.2769033244042
22.7758261312218
21.5784113948596
21.3289499914509
20.8300271846333
20.7460689936432
19.5370710433864
16.8588047508036
16.6237218160314
14.1973300964188
16.2039308610811
15.9352646499129
13.5676436639933
14.7178708805571
13.9286638852506
13.7103725886764
13.2318109000331
12.8036241259838
12.9379572315679
12.9799363270629
12.7364575731918
12.6776868394987
12.5685411912116
12.1739376935584
12.9463530506669
13.6096227594884
12.6776868394987
12.6860826585977
13.1814359854391
13.4668938348053
13.8950806088545
13.9370597043496
14.4324130311909
14.6674959659631
14.6926834232601
15.4902862376656
14.9949329108243
15.0620994636164
14.9025789007352
14.617121051369
15.0704952827154
15.2048283882994
15.0117245490223
15.3559531320816
15.1544534737054
15.4483071421706
16.1955350419821
16.1703475846851
16.5061803486453
16.7580549216155
16.2962848711702
16.5985343587344
16.6992841879225
16.5565552632394
16.8000340171105
17.1358667810708
17.7235741180012
17.6648033843081
17.3877413540409
16.9091796653976
17.0770960473777
16.4474096149523
16.8252214744076
16.7748465598135
15.994035383606
15.9100771926159
15.4986820567647
15.4147238657746
14.8773914434382
15.4063280466756
15.0704952827154
15.3643489511806
15.7085775342398
15.4063280466756
16.2039308610811
15.7841399061308
16.1703475846851
15.952056288111
15.6582026196458
15.6582026196458
15.943660469012
16.1703475846851
15.5322653331607
15.9100771926159
15.7085775342398
15.7757440870318
16.2878890520712
17.0015336754867
16.7748465598135
16.6824925497245
16.9091796653976
16.7916381980115
16.8588047508036
16.9511587608926
18.0174277864664
17.7067824798032
17.6312201079121
19.1592591839312
19.9736536365347
20.1667574758118
20.1163825612178
22.3328788033553
22.5175868235335
21.87110875291
21.2330265013856
21.6360258181379
22.4420244516424
22.2069415168702
21.5772550844448
21.7619631046229
22.2741080696623
21.9970460393951
21.5604634462468
22.0977958685832
23.1724607132559
22.1817540595732
23.5082934772161
23.1892523514539
22.9373777784838
23.6426265828002
22.8282321301967
22.0810042303852
21.2834014159796
21.3757554260687
21.2666097777816
20.35146549599
21.0735059385045
21.6612132754349
21.829129657415
21.1322766721975
21.1154850339995
20.460611144277
20.359861315089
21.4345261597617
21.3085888732766
21.1322766721975
21.3757554260687
21.778754742821
21.2750055968806
21.4597136170587
20.6453191644552
20.7964439082373
19.6797999680695
19.5538626815844
19.5622585006834
19.6126334152775
19.3523630232083
19.2012382794262
18.4708020178127
18.6806974952878
18.0426152437634
18.0929901583574
19.0508026533846
19.042015382788
19.9295297130426
21.1421730553706
21.6606220205687
21.7221329147448
22.0648364680114
21.9330274090627
22.3899654800849
22.1966455269601
21.9593892208525
21.8363674325003
21.8187928913072
21.8100056207106
22.1087728209943
22.3196673153122
22.4339018330678
22.0824110092046
22.346029127102
22.4426891036643
21.7660692677277
22.2933055035225
22.512987268437
22.4778381860507
22.6711581391754
22.8732653628967
22.8908399040899
22.3987527506814
22.0472619268183
22.0824110092046
21.8275801619038
22.6008599744028
22.8908399040899
23.6816942577821
23.5850342812197
23.514736116447
24.059546893435
23.7607796931513
24.0771214346281
23.8398651285205
23.4620124928676
23.3565652457086
23.7959287755376
23.7783542343444
23.4620124928676
23.514736116447
23.5235233870436
23.4356506810778
24.3846759055084
24.1649941405939
24.6922303763887
24.7713158117579
24.8240394353374
25.2546156945698
25.6588301420125
25.4567229182911
25.0964448238314
23.725630610765
24.0243978110487
25.1579557180074
24.0243978110487
24.6570812940024
24.6570812940024
24.6043576704229
24.8591885177237
24.2001432229803
25.0173593884622
25.2897647769561
25.7027664949954
25.6236810596262
25.2897647769561
24.6043576704229
22.6975199509652
22.7853926569309
23.4795870340607
23.5059488458505
24.2528668465597
24.1122705170145
24.3231650113324
24.2528668465597
24.4286122584913
24.0491215333775
24.1550259217813
23.925566413573
23.5902025169607
23.6961069053646
23.625503979762
23.2548386203485
24.1550259217813
23.678456173964
23.5460756884591
22.857697163834
22.9459508208372
22.8400464324334
22.3016991247137
21.7810025483947
22.5223332672218
23.378393740153
23.3340156199173
22.9346125377963
23.1565031389746
23.2896374996817
23.7866724463212
23.5204037249072
23.2097568832574
22.6772194404294
23.0677468985033
23.2541350034931
22.9523637858905
23.3251399958702
23.7511699501327
23.6535380856142
24.1061949120181
23.8310505665569
24.1239461601123
24.0174386715467
24.0618167917824
24.363588009385
24.4257173777149
25.1002648052972
25.0736379331558
24.4168417536678
24.5588517384219
24.168324280348
24.3280855131964
24.1949511524894
23.8044236944155
24.0795680398767
24.3103342651022
24.3192098891493
24.5411004903277
24.9138767003073
25.2067722938628
25.3221554064755
25.0115085648258
24.7008617231761
24.5677273624691
24.4168417536678
24.3547123853378
24.3990905055735
24.4257173777149
24.2748317689136
23.8665530627454
23.2008812592103
23.4138962363415
23.2896374996817
23.1476275149275
22.721597560665
23.5381549730014
22.6772194404294
22.9701150339848
22.721597560665
23.3872693642002
23.3251399958702
22.7659756809007
23.1519918300642
22.3709824119892
21.7515611493779
21.4642933174423
21.5720187544181
21.5630416346701
22.8467697586326
22.6402960044289
21.7964467481179
21.5091789161822
21.8503094666058
22.0747374603055
22.8916553573726
22.8916553573726
22.7121129624128
22.9814265548524
23.5739164582197
23.6906190149436
23.8073215716675
24.175383481335
24.3279945170508
24.1215207628471
24.2920860380589
24.1304978825951
25.1897980128578
24.8576445821822
24.4357199540267
24.4985597922626
24.2382233195709
24.6691250674744
24.4806055527666
24.5434453910026
24.8666217019302
24.8307132229382
24.7319649057104
24.6960564267184
23.9868639666272
24.0048182061232
23.7983444519195
23.4931223804878
23.358465584268
23.8073215716675
24.0048182061232
24.4716284330187
24.5165140317586
24.7768505044503
25.0730954561339
24.8307132229382
24.7768505044503
24.9294615401661
25.6476311200053
25.9887616704288
25.4232031263055
26.2580752628685
26.5722744540481
26.7697710885039
27.0031762019516
27.2814669141393
27.3173753931313
27.2545355548953
26.6171600527881
26.671022771276
27.7393000212867
26.9493134834637
27.3353296326272
27.3171303452553
27.2079346210238
26.6619559998661
26.461763838775
26.1887745281961
27.162436402594
27.2807317705115
27.0532406783624
26.5618599193205
26.689254930924
26.8712478046432
26.5254613445767
26.452664195089
26.3707674019154
26.9895431725607
27.3444292763132
27.617418586892
27.4900235752886
27.6993153800657
27.6629168053218
28.1815964954216
27.2807317705115
26.7620520804117
27.162436402594
27.7903118169253
27.854009322727
27.5355217937184
27.7539132421815
28.1269986333059
27.9711957734928
27.6595900538668
28.1361635074125
27.9070416547463
28.2369771225856
28.1269986333059
27.9528660252795
27.861217284213
27.7420739208266
27.7970631654665
27.4946223199471
27.0822029851479
27.0547083628279
27.3571492083473
27.4946223199471
27.1463571038944
26.843916258375
27.1280273556811
26.8530811324816
25.6891421209372
26.3948374271492
26.4406617976824
26.5231456646423
26.0740668334165
25.8266152325369
26.2390345673362
26.0190775887766
26.7431026432018
26.5139807905356
26.6972782726686
27.0180488664013
27.6137656833335
27.2380058449609
26.9630596217614
26.9080703771215
27.2655004672808
27.9986903958128
27.4213033270939
26.7064431467753
24.0211350335271
23.187131489822
23.2237909862486
24.3144110049399
23.8744970478207
24.6443464727792
23.1779666157154
20.9234075854797
14.7096229411717
16.0935189312757
14.5263254590387
11.5477413743778
14.1139061242395
11.9968202056036
11.9143363386437
10.3471428664068
11.1903112842185
10.9978489279788
10.5396052226464
12.14345819131
13.1240997207214
13.188253839468
12.1892825618432
12.2626015546964
12.821658875202
13.1057699725081
14.2147197394126
14.0589168795996
14.4530064661855
15.0303935349044
15.8735619527161
15.4153182473837
15.5161318625568
15.3328343804238
15.0120637866911
14.4071820956523
14.7829419340249
14.6179742001052
15.3511641286371
15.5344616107701
14.6179742001052
15.0762179054376
15.8094078339696
16.6800708741012
16.5425977625015
15.928551197356
16.4417841473284
15.8369024562895
15.9835404419959
16.9366873490874
16.634246503568
16.6250816294613
16.1210135535956
15.9468809455693
15.7177590929031
16.9916765937273
17.1199848312204
17.6882070258326
17.5873934106595
17.1108199571137
17.8531747597523
18.0273073677786
18.2655940945515
18.1189561088451
18.6413539329241
18.6321890588175
19.6128305882289
19.6769847069754
19.6403252105489
20.2543717756943
20.6484613622802
19.9061065596417
19.6128305882289
18.879640659697
18.9712894007635
19.585335965909
19.6494900846555
19.7961280703619
19.6769847069754
19.2004112534297
19.8419524408951
19.2462356239629
19.6769847069754
19.0995976382566
19.8511173150018
19.7503036998286
19.896941685535
20.2177122792677
20.1443932864146
20.6301316140669
20.3735151390808
20.75843985156
20.2910312721209
20.6301316140669
20.3093610203342
20.9875617042263
21.3908161649188
20.8225939703066
20.8409237185199
20.8409237185199
21.4183107872388
21.125034815826
20.5868754660273
20.7328169846168
21.1615201954734
20.7966663989997
21.1341561607378
20.8149090888234
20.2493857042892
19.8845319078155
19.8662892179918
21.1432775056497
21.179762885297
20.7875450540878
21.3895538182694
21.0520640565313
21.4169178530049
20.8331517786471
20.6780889151457
20.6142395007628
20.9973359870602
20.8787585032063
20.7328169846168
20.5777541211155
20.951729262501
20.8605158133826
20.2676283941128
20.20377897973
20.5595114312918
19.9666240120221
20.8605158133826
20.7966663989997
20.8696371582944
20.9061225379418
20.3041137737602
20.7328169846168
20.1764149449944
19.9575026671102
19.7750757688734
19.7659544239616
19.8206824934326
20.20377897973
19.7477117341379
19.0636108657497
18.9723974166313
18.4524807566563
18.6075436201576
18.3612673075379
17.9052000619458
17.6133170247668
17.8869573721221
18.1058696500063
17.3487980223234
18.2700538584195
18.1788404093011
18.0511415805353
18.644028999805
18.0602629254471
18.3612673075379
18.2153257889484
18.0146562008879
17.6315597145905
17.8048652679155
18.4068740320971
18.3886313422734
19.0088827962787
18.7626064836589
18.47072344648
18.1332336847418
17.029550950409
17.5950743349432
17.2758272630287
17.9234427517695
17.9872921661524
18.1423550296537
18.0146562008879
19.7112263544905
21.0520640565313
20.8696371582944
19.9848667018457
20.6416035354984
21.2436122996799
21.6084660961536
21.4807672673878
21.7270435800076
21.5719807165063
22.8945757287233
23.9161663588496
23.9435303935852
23.551312562376
23.259429525197
22.7121488304865
23.3506429743154
23.6334046665825
24.299262845147
25.1110625423009
24.6276312619733
24.3175055349707
24.5729031925023
25.3755815447444
25.1475479219483
25.1931546465075
25.4029455794799
25.7130713064825
25.7586780310417
25.6309792022759
24.645873951797
24.8830289195049
25.4941590285983
25.7039499615707
25.7860420657772
25.8498914801601
